# # reduced_coordinates ,energy, weight Sx,Sy,Sz
# 
0.000000000000000000e+00 -5.732270111464878859e+00 1.999999999846798548e+00 1.032507412901395583e-14 -2.220446049250313081e-16 6.328271240363392280e-15
0.000000000000000000e+00 -1.588491836138773428e+00 1.845807617393808873e-10 3.983047562244100574e-16 2.903655968466784409e-17 5.312061147069856208e-16
0.000000000000000000e+00 3.378416416853024185e+00 4.599232036210413304e-10 1.816782211004103562e-14 -1.545708925737626265e-14 1.170421632092945620e-14
0.000000000000000000e+00 6.202453176600698725e+00 1.999999999727601674e+00 -4.339986703350007247e-11 2.720129677058480411e-11 -1.828603241049719941e-11
0.000000000000000000e+00 6.250308751819932063e+00 3.999999999429931119e+00 1.803301952207903014e-11 -3.004274606865919850e-11 8.448008959049957411e-11
0.000000000000000000e+00 6.942698594040547455e+00 1.012485350577137409e-09 -5.868930743076420466e-14 -2.812949623488864038e-14 5.895834033500749597e-14
0.000000000000000000e+00 8.767485971114872711e+00 1.999999999801556516e+00 1.621576744409436444e-11 7.265046897408922177e-11 -2.930625742081360841e-10
0.000000000000000000e+00 8.802369422242954045e+00 3.999999999614794355e+00 -2.604638726921848502e-12 -2.181044789217878588e-10 8.073422486098991158e-11
0.000000000000000000e+00 9.580363371344102319e+00 1.999999999872835499e+00 7.860379014346108306e-14 4.057865155004947155e-14 -2.767786000390515255e-13
0.000000000000000000e+00 1.396277653034951705e+01 3.999999999867689837e+00 2.130129406197056596e-12 6.974865129905083450e-12 1.201197474820503430e-11
0.000000000000000000e+00 1.419774041997143144e+01 1.999999999977289944e+00 -3.030908857226677355e-13 -1.724176357242868107e-13 -3.010924842783424538e-13
0.000000000000000000e+00 1.632714530055823943e+01 1.059725153595176466e-09 8.509090537099005167e-14 3.907621109927475262e-15 4.712019350536639863e-14
0.000000000000000000e+00 1.722338529604227020e+01 1.040370086144079153e-09 8.698449829905302866e-13 3.630982536867207028e-13 8.116312822218253186e-13
0.000000000000000000e+00 1.748385166898081167e+01 1.999999999293017972e+00 -1.106796598815407151e-11 3.058676440598206980e-09 -2.324616887872110738e-09
0.000000000000000000e+00 1.749443377089369989e+01 3.999999998592898010e+00 -1.958892076325824405e-10 -3.094111550305811420e-09 2.560603673540384762e-09
0.000000000000000000e+00 1.876671575006257697e+01 1.756998020661335347e-09 1.383312305226895367e-10 -9.663074969899414239e-10 2.906649149466106433e-10
1.000000000000000000e+00 -5.705149305569483076e+00 1.999999999842513088e+00 -5.299094496535872167e-13 -2.794431352981519012e-13 -2.842170943040400743e-13
1.000000000000000000e+00 -1.927070423268750554e+00 1.081087064499895020e-10 9.555799270172053444e-16 -9.294909931245398590e-16 -1.281976667829667917e-15
1.000000000000000000e+00 -1.227589007556205258e+00 8.143524671675721033e-11 2.476507168275905246e-15 -2.731952440313916255e-15 -2.673395798037519548e-15
1.000000000000000000e+00 3.268175574564915919e+00 2.409529475128570016e-10 3.525419009643903241e-15 -6.531942507868034513e-17 1.278936603061125096e-15
1.000000000000000000e+00 3.401113703768723795e+00 2.379997569618400265e-10 8.036594146507663017e-15 6.994861742018255575e-15 -9.506583956763372362e-16
1.000000000000000000e+00 5.930597258104629788e+00 1.999999999791106209e+00 -7.667214085849138883e-12 -1.125681214908524908e-10 -3.200251175172752482e-11
1.000000000000000000e+00 6.173951614747014816e+00 1.999999999750509128e+00 1.084582423871438550e-11 1.200704535797569861e-10 -4.686273591403278260e-11
1.000000000000000000e+00 6.204050555106055853e+00 1.999999999745235124e+00 9.968442737928739916e-12 -2.442951396730563829e-11 1.452568620941008248e-11
1.000000000000000000e+00 6.939680761555529820e+00 4.796049187718791285e-10 -2.015043795566224132e-14 -5.947547577899907416e-14 2.599985052890430034e-14
1.000000000000000000e+00 7.165534918652057605e+00 4.142776962145376196e-10 4.754008925260816970e-14 1.471534722130895147e-14 6.523915057229405935e-14
1.000000000000000000e+00 8.831805779471215700e+00 1.999999999790566196e+00 -2.331433934799065355e-10 -2.540923305094366924e-10 3.351491306702314432e-11
1.000000000000000000e+00 8.861198054681249658e+00 1.999999999795887717e+00 4.860715996368725200e-10 -1.224916543196563623e-09 1.099991167596847674e-09
1.000000000000000000e+00 8.869984077538788370e+00 1.999999999795717853e+00 -3.418133840207837615e-10 1.146036351755419513e-09 -8.046967233180102319e-10
1.000000000000000000e+00 9.779697004165388563e+00 1.999999999875865520e+00 -3.102962331524850015e-12 1.090116885649194955e-11 -6.336028923747960562e-12
1.000000000000000000e+00 1.387038129643465645e+01 3.999999999837929643e+00 -3.970834078215190743e-12 -2.831120060609038092e-11 2.783970970421378865e-12
1.000000000000000000e+00 1.431711840007875125e+01 1.999999999974640286e+00 -2.178637825700491248e-11 -2.469058291154624385e-11 4.813788256896600615e-12
1.000000000000000000e+00 1.594642164384603866e+01 2.140312059939291354e-10 8.621603411616581898e-14 2.281623708664010340e-13 -2.736704794125653475e-14
1.000000000000000000e+00 1.600875911897615467e+01 2.798599036366103026e-10 1.052117423754921009e-14 9.529471854344374027e-14 3.411068688330346733e-14
1.000000000000000000e+00 1.717672038540754187e+01 3.206588085529421066e-09 1.141922561803203641e-13 1.389214331676581011e-13 3.377951792405996482e-13
1.000000000000000000e+00 1.720957859411506163e+01 5.558417701454643029e-10 3.979425055508129165e-13 2.109521052354672488e-13 5.001965748680059971e-13
1.000000000000000000e+00 1.738092988515554893e+01 1.999999996673594627e+00 -6.235800764642362992e-11 -7.504546983838622509e-11 -9.552647561861249415e-11
1.000000000000000000e+00 1.766738506060021052e+01 1.999999999470678747e+00 7.637059817877656087e-09 -4.072050224790402240e-08 3.130500070280817226e-08
1.000000000000000000e+00 1.767421939848190604e+01 1.999999999466426592e+00 -8.304042564688529637e-09 4.024688082804317446e-08 -3.205963516883514330e-08
1.000000000000000000e+00 1.853666858831653386e+01 2.989666490394498723e-10 1.298531236961540589e-11 -2.558443829231375718e-11 -5.472584177803800417e-11
1.000000000000000000e+00 1.909404590116074729e+01 4.995950233841169709e-11 9.023277945772356152e-12 2.119124325157095042e-11 7.576598366844365614e-12
2.000000000000000000e+00 -5.624022613753643540e+00 1.999999999828743658e+00 3.719247132494274410e-14 -1.133204641234897281e-12 -1.509903313490212895e-13
2.000000000000000000e+00 -2.234226075523730426e+00 1.310241748434938253e-10 -1.690218950513842174e-17 -4.179982584477272425e-16 5.006520496661339350e-15
2.000000000000000000e+00 -8.614657673780001801e-01 7.470693944661417732e-11 -9.246148173466850516e-16 -5.535254336418104654e-16 -2.156073463994889951e-16
2.000000000000000000e+00 3.008057784244176247e+00 2.830817097293805584e-10 -7.723452697291648829e-15 3.496062619196286201e-15 -2.738553107400116139e-15
2.000000000000000000e+00 3.468684046205804616e+00 2.641918201970125386e-10 3.378936131772928147e-15 -1.252234331860202691e-15 2.166483198905228173e-15
2.000000000000000000e+00 5.244337247273460179e+00 1.999999999769514814e+00 1.140010308375849490e-10 4.225969574278565233e-11 -6.123435092320050899e-12
2.000000000000000000e+00 6.050375990504543111e+00 1.999999999779107585e+00 6.932787677271790017e-12 -3.522737657135621703e-11 -2.262867671021240312e-11
2.000000000000000000e+00 6.081620686028420764e+00 1.999999999778326876e+00 -2.936923274021729924e-11 -1.612709965570502391e-12 3.016777452846675089e-11
2.000000000000000000e+00 7.023943929702565647e+00 4.276382529588141367e-10 -1.891177647884258373e-14 4.006306443983426567e-15 2.004160432200781244e-14
2.000000000000000000e+00 7.677202803369421957e+00 5.060446585638885376e-10 -8.152519623017838926e-15 2.230256525985601938e-15 -7.873649424728264795e-15
2.000000000000000000e+00 8.820122381657611754e+00 1.999999999744982215e+00 6.926764717363198542e-11 6.786027295646590574e-11 4.919425977689684260e-11
2.000000000000000000e+00 9.027268728707891654e+00 1.999999999737963829e+00 -2.762393647159910870e-10 -1.831456653000884671e-10 7.587785955109893621e-11
2.000000000000000000e+00 9.050316137618107604e+00 1.999999999744625834e+00 -9.525146643651893896e-11 2.411959520998152584e-10 -1.431166088416979676e-10
2.000000000000000000e+00 1.036312555533775281e+01 1.999999999880915702e+00 -4.917177776064818318e-12 -2.717626124137950683e-11 -1.230138213514919698e-11
2.000000000000000000e+00 1.365442098428133022e+01 1.999999999861571176e+00 4.976155404401438886e-09 -5.036153133408660665e-09 5.975650529954634749e-11
2.000000000000000000e+00 1.365463848823032222e+01 1.999999999861473921e+00 -4.969965017006042207e-09 5.050110709822752675e-09 -7.185221319837287179e-11
2.000000000000000000e+00 1.464920988542017710e+01 1.999999999926118655e+00 -1.852090703025055518e-11 -6.871947455522331438e-12 -8.321676681077860849e-13
2.000000000000000000e+00 1.515773672895981150e+01 2.087164373422389820e-10 1.111942095795573229e-13 1.649524657641724600e-14 -9.109588032743404354e-15
2.000000000000000000e+00 1.526018344443466823e+01 1.661766864875153356e-10 -1.199182708321284783e-14 -2.108888742084029767e-15 8.885290894071415717e-14
2.000000000000000000e+00 1.708195964084884722e+01 1.327883131499409334e-07 -1.146001136415165162e-13 -3.464315845396573841e-14 7.682166390457673244e-14
2.000000000000000000e+00 1.712277458404968655e+01 1.999999834818958266e+00 -1.809419281073587626e-11 -1.696642826232164225e-11 -4.500216865821471401e-11
2.000000000000000000e+00 1.713081518976177264e+01 3.251020116563908533e-08 9.302958050076348871e-13 -6.169079573637173856e-13 -2.220578043861695330e-14
2.000000000000000000e+00 1.815049467403627403e+01 1.999999999138531326e+00 1.553685624600120718e-09 -7.426035397717356545e-09 4.844413981075490483e-09
2.000000000000000000e+00 1.815711574456446442e+01 1.999999999111485627e+00 -1.784953603325978300e-09 7.120625940444658131e-09 -5.285171331831373109e-09
2.000000000000000000e+00 1.852897383126916608e+01 1.804885949926977230e-09 1.151635811453552005e-10 -2.727326835620883507e-11 3.226711465017663747e-11
2.000000000000000000e+00 1.908291053529518422e+01 3.809014086405760815e-11 -7.598440309796848743e-12 1.677812431169734407e-11 1.568429063033835424e-11
3.000000000000000000e+00 -5.489641232785779756e+00 1.999999999802326567e+00 1.286748485540556430e-13 6.877831637552844768e-13 -9.336420525585253927e-13
3.000000000000000000e+00 -2.505223871866299579e+00 1.649492085209157933e-10 -1.631639243834460341e-15 -2.101907540299015281e-15 -1.960222788916993000e-15
3.000000000000000000e+00 -5.222115450862210295e-01 7.246760631090675191e-11 2.628412023828161401e-15 2.249048169734629623e-15 -6.431128041904849409e-16
3.000000000000000000e+00 2.731316572398776454e+00 4.032065273282846314e-10 -2.240203851652212381e-14 -7.243379325460917915e-16 -8.293481737796190549e-15
3.000000000000000000e+00 3.579756435554500182e+00 3.160863671823717866e-10 1.799966488933753690e-15 -1.034891375870164824e-14 -1.187819514745585466e-14
3.000000000000000000e+00 4.420400738549401964e+00 1.999999999637021908e+00 -7.660626646921464555e-11 -3.424704964061220380e-12 -1.160832541202694301e-11
3.000000000000000000e+00 5.885470115847018846e+00 1.999999999779945137e+00 1.155779916217625214e-10 2.824990241734326446e-11 2.638339546834345128e-11
3.000000000000000000e+00 5.916719930700201857e+00 1.999999999782346549e+00 -1.090206119824799202e-10 6.006126151980595296e-11 4.965350353103303860e-11
3.000000000000000000e+00 7.168627331227377830e+00 4.504943532584962539e-10 -1.603253295005715976e-14 8.080482089125028939e-17 7.723395554297121032e-15
3.000000000000000000e+00 8.394835626825200237e+00 1.470240678198235202e-09 -1.201695420462594798e-14 -2.008460303669519667e-15 5.114306042260723888e-15
3.000000000000000000e+00 8.689538097771620784e+00 1.999999999118101002e+00 -2.463285131426573571e-11 -1.187112907974352538e-12 1.320787923475563730e-11
3.000000000000000000e+00 9.266185001632496920e+00 1.999999999524092464e+00 6.601752478019307091e-11 -3.904576661994951792e-11 -4.500955164132847131e-12
3.000000000000000000e+00 9.289946479817238867e+00 1.999999999545446938e+00 -4.966926956534445381e-11 6.560334740723927638e-12 4.015321321965137358e-11
3.000000000000000000e+00 1.113249660848600620e+01 1.999999999884632729e+00 4.064670822145899365e-11 -5.716760398399856058e-12 9.677286749720792614e-12
3.000000000000000000e+00 1.343075399073604181e+01 1.999999999597009914e+00 9.881443857606697634e-09 -8.765977305147387710e-09 -1.245787611958704133e-09
3.000000000000000000e+00 1.343114287473166257e+01 1.999999999596147937e+00 -9.944257737572181899e-09 8.725410230274455170e-09 1.220469312852162647e-09
3.000000000000000000e+00 1.427317893969935447e+01 7.007886913613428046e-10 -2.734481334972858863e-13 1.485011792243200017e-14 2.235216803713150774e-14
3.000000000000000000e+00 1.434868407903533516e+01 1.533431951184530649e-10 -1.723195592593829957e-13 -7.857107437966013247e-14 -1.386862005088872434e-13
3.000000000000000000e+00 1.509368409946296019e+01 1.999999999905098136e+00 2.238069451987456659e-11 1.102281599330012796e-10 -3.179911889361619615e-11
3.000000000000000000e+00 1.689031386387206979e+01 1.999999949063497429e+00 -7.100064980392062353e-11 -1.518675185607776257e-10 7.295042347976732344e-11
3.000000000000000000e+00 1.695731697746253275e+01 5.083185066188141158e-08 7.881971682780381219e-13 4.768314221323371928e-13 -6.932461454433168628e-13
3.000000000000000000e+00 1.701742256529479036e+01 1.763352308629296345e-10 4.642924263802496251e-13 4.288965608330998547e-13 3.136305943615334929e-13
3.000000000000000000e+00 1.855684926665668755e+01 3.313038547818802397e-09 5.114439866049393161e-11 5.772433284547932295e-12 1.016885544122540917e-11
3.000000000000000000e+00 1.883500326439999384e+01 1.999999938385595977e+00 1.496017082158740408e-06 -2.321218775136468793e-06 7.965151977429307806e-07
3.000000000000000000e+00 1.884141089137329317e+01 1.999999787560285514e+00 -1.292977621733526483e-06 2.357103143071914708e-06 -8.130136948253374740e-07
3.000000000000000000e+00 1.911258832126283735e+01 8.099582569935708251e-11 -4.345518339306736311e-11 -1.117529298055555970e-11 2.541844061655738920e-12
4.000000000000000000e+00 -5.303433070286146744e+00 1.999999999756162161e+00 9.704459458248493320e-13 5.366679323159928572e-13 1.113553693699032010e-13
4.000000000000000000e+00 -2.737930474861343555e+00 2.175908161243068163e-10 -2.033463424930623517e-15 8.676718049866578245e-16 -6.716811907012851994e-16
4.000000000000000000e+00 -2.645100080745345084e-01 7.749008643598112253e-11 2.438213380385043023e-16 3.194627653628477786e-16 -2.956639505106299745e-15
4.000000000000000000e+00 2.560602203983005865e+00 9.161764016789788691e-10 2.605226067885602873e-14 7.419400946241346442e-15 2.478715828704061648e-14
4.000000000000000000e+00 3.563068932916245934e+00 1.999999999101484960e+00 4.999778369096929964e-12 -1.080719957968767631e-10 -6.786149420179299341e-11
4.000000000000000000e+00 3.731713136254237284e+00 4.128362955823214314e-10 3.519949139161016856e-14 2.128582064748271321e-16 -6.703171478781848236e-15
4.000000000000000000e+00 5.707775378897384400e+00 1.999999999747196444e+00 5.049605785595323582e-11 1.113210999076352792e-11 1.323752826104529490e-11
4.000000000000000000e+00 5.738974296174598422e+00 1.999999999752660962e+00 -1.048242395662590809e-10 8.907261733748228494e-11 1.780909447690603997e-11
4.000000000000000000e+00 7.367761368593181537e+00 6.190218211605299944e-10 2.669149542817159868e-14 -1.305010762585269927e-14 -4.923090166804450120e-14
4.000000000000000000e+00 8.517972068907347705e+00 1.999999999442697129e+00 1.618283285154120676e-11 5.716310758074882870e-11 5.672853853333492680e-11
4.000000000000000000e+00 9.246761592378414107e+00 7.522629292973954232e-09 4.220707727366563627e-14 -1.681986979255130648e-14 2.192861251585426291e-14
4.000000000000000000e+00 9.501654000601739369e+00 1.999999995926651009e+00 3.656303038113151160e-11 -1.418198891656174965e-11 4.265143793702463881e-12
4.000000000000000000e+00 9.525188303468546280e+00 1.999999996575914540e+00 -2.471700632795253982e-12 5.606234492481002030e-11 -5.545051635739983720e-11
4.000000000000000000e+00 1.194898832623489682e+01 1.999999999881159729e+00 4.432326727865643079e-11 1.669736571230373556e-11 -6.824396603377635984e-11
4.000000000000000000e+00 1.330040940548840567e+01 1.999999967229877385e+00 8.977706064672297259e-09 -7.716993780104708378e-09 -1.453121706296300886e-09
4.000000000000000000e+00 1.330128780387212473e+01 1.999999965526429779e+00 -9.025693003937183476e-09 7.582276959750390913e-09 1.416834909202173247e-09
4.000000000000000000e+00 1.338700565600533032e+01 3.071173751743709770e-08 -9.519761447320347849e-14 4.284829546738647950e-14 -4.049987058478697109e-14
4.000000000000000000e+00 1.339575273353799112e+01 3.652335073362149699e-08 -8.384166535703700286e-14 1.063817773238018036e-14 -2.062259282650625494e-14
4.000000000000000000e+00 1.538149999686710601e+01 1.999999999887779767e+00 5.670652836187173307e-11 2.096106621607418674e-11 -2.372904372993644984e-10
4.000000000000000000e+00 1.679734355215035180e+01 3.997358686678488194e-09 -7.357521988658058585e-14 5.767952346463976373e-13 7.945611399111474239e-13
4.000000000000000000e+00 1.690530814385186886e+01 1.041797533070404498e-10 9.115649412897197248e-13 2.432551649015124667e-15 -4.505152174841142232e-13
4.000000000000000000e+00 1.699233429047627553e+01 1.999999996019185877e+00 2.028555101674101024e-11 -2.966529799586226090e-11 -2.782176711235706534e-10
4.000000000000000000e+00 1.854313267423962586e+01 4.357452423352579058e-10 9.221374915724211980e-11 1.096657630509514156e-12 1.791062427040291983e-11
4.000000000000000000e+00 1.912388015693360899e+01 1.543431606067746892e-10 5.535195081733667479e-13 1.115203224603227327e-12 -2.644709406950900877e-12
5.000000000000000000e+00 -5.067834686439091740e+00 1.999999999674486606e+00 -1.569744334517508833e-12 -6.077915948310419481e-13 -7.460698725481051952e-14
5.000000000000000000e+00 -2.931965403851501950e+00 3.051637577700262839e-10 6.803306124246354252e-16 1.113419862871283973e-15 -1.304894847725018731e-15
5.000000000000000000e+00 -1.506413540623212088e-01 9.693306509885979319e-11 4.640625339095003668e-15 3.076279552383142925e-15 -4.623125292375046311e-15
5.000000000000000000e+00 2.592601797690999188e+00 4.856406511109474513e-08 -4.142535745655934803e-14 -1.008489539572115720e-13 -1.349554062316312148e-14
5.000000000000000000e+00 2.715196060513644039e+00 1.999999951422991806e+00 2.104966201343927423e-11 -2.404576537884395293e-11 -2.711386670739557303e-11
5.000000000000000000e+00 3.920193632711767240e+00 5.905862385124073048e-10 5.475350461853681165e-15 -2.063449848390493150e-14 -8.846655729018138798e-15
5.000000000000000000e+00 5.536523594124854064e+00 1.999999999663735428e+00 -3.531730463635085471e-11 -1.014230643914260099e-10 1.189132681211901854e-10
5.000000000000000000e+00 5.567730984832502727e+00 1.999999999674421103e+00 -2.122295394979545335e-11 1.569426741343526999e-10 -1.403819699374864172e-10
5.000000000000000000e+00 7.614482835578925801e+00 1.300109607410568055e-09 4.405842267838837970e-14 2.354992237511700409e-14 -2.679917828330297921e-14
5.000000000000000000e+00 8.340174314445206960e+00 1.999999998836376136e+00 3.458730524208419865e-11 -6.588990464351240917e-11 5.098432787065121374e-11
5.000000000000000000e+00 9.674058516482588743e+00 1.999999999115186444e+00 1.140279537459321091e-11 6.747760683545322991e-11 3.090094846669444451e-11
5.000000000000000000e+00 9.696432706422573489e+00 1.999999999048122756e+00 -1.758153789655630961e-11 2.804308768165029997e-11 -1.007056341529449783e-11
5.000000000000000000e+00 1.019013264520912188e+01 1.789486265843253351e-09 7.744510424538634085e-14 7.673790615105041216e-14 5.220091280681775318e-14
5.000000000000000000e+00 1.243623252036848470e+01 2.022724969665015150e-10 1.524137096521846432e-13 4.100130305399503834e-13 -1.807047739653361530e-13
5.000000000000000000e+00 1.255103942314766208e+01 9.069992516029397901e-10 6.166118658057119548e-14 -1.618233315767187377e-13 5.606824560770885752e-14
5.000000000000000000e+00 1.275682213079119620e+01 1.999999999748819368e+00 2.699329648692128103e-11 7.368733401236227110e-11 2.436623125490200437e-11
5.000000000000000000e+00 1.333944282228090827e+01 1.999999999492744873e+00 7.650039712814304949e-09 -2.683685773607891178e-09 -5.272917963372591998e-09
5.000000000000000000e+00 1.334148804512196662e+01 1.999999999496879122e+00 -7.886709455970884741e-09 2.687961749448658511e-09 5.186732772335771180e-09
5.000000000000000000e+00 1.531909723331730078e+01 1.999999999829753516e+00 8.691519726156116121e-11 4.030464850757198292e-11 9.285350266452496726e-11
5.000000000000000000e+00 1.658204889652079927e+01 2.394497220225181492e-10 -5.864070843012138693e-14 -4.300449651499413411e-13 -1.004033764178364069e-12
5.000000000000000000e+00 1.681318203703494518e+01 4.438479264165669309e-11 -4.198166463142065882e-13 -3.968244122078122236e-13 -2.055914837728846945e-13
5.000000000000000000e+00 1.763228173350340455e+01 1.999999999874578549e+00 -4.043243517770633844e-10 7.605188701020892950e-11 -2.125384174211930599e-10
5.000000000000000000e+00 1.846105627171766628e+01 1.290775024713315722e-10 2.401807719799597380e-11 1.617320401650349609e-11 -1.478836651239186303e-12
5.000000000000000000e+00 1.906570030924701697e+01 5.136879590317468591e-10 -1.172797660534815840e-10 4.558786473022108192e-11 -6.954904793315156162e-12
6.000000000000000000e+00 -4.786995496085920010e+00 1.999999999518721649e+00 -4.119690699688760560e-12 4.751754545395669993e-13 -2.261413278858981357e-12
6.000000000000000000e+00 -3.088316208026128162e+00 4.666263908191901694e-10 4.181670903450464783e-15 -8.094033800105662799e-16 -1.695720390241029153e-15
6.000000000000000000e+00 -1.905232115628879841e-01 1.418438084871962744e-10 -6.863006803528578036e-15 -2.003586668397770343e-15 1.171672872845522103e-16
6.000000000000000000e+00 1.900071316139235522e+00 1.999999999235325010e+00 2.254335607076995984e-11 -3.919514712791283273e-11 -2.323219394639863822e-11
6.000000000000000000e+00 2.852748280474648013e+00 6.956765762169737233e-10 6.981540740959591811e-15 -2.338592383837269087e-15 2.291850321396342788e-14
6.000000000000000000e+00 4.138252301004833100e+00 9.656848438919304538e-10 -1.118305508457287208e-14 -2.109003492565371716e-14 -1.617619620057614174e-15
6.000000000000000000e+00 5.382931962606164689e+00 1.999999999474702861e+00 -1.375405345171998306e-10 -6.883715819583358098e-12 9.133738210209685349e-11
6.000000000000000000e+00 5.414207457671655455e+00 1.999999999498326630e+00 9.263114060520383219e-11 -1.132841364118175598e-10 2.298188982868820673e-11
6.000000000000000000e+00 7.896262847400947749e+00 7.885698746410923901e-09 -4.700858914978892278e-15 -8.149833078978551719e-15 -2.441385659396122569e-14
6.000000000000000000e+00 8.174478891917610568e+00 1.999999992292482931e+00 1.772171298597413625e-11 -1.323896547944514168e-11 -1.857648757042085208e-11
6.000000000000000000e+00 9.750976563045862022e+00 1.999999999782181348e+00 4.821393284615282937e-11 1.636940583082946432e-11 5.193623309196482296e-13
6.000000000000000000e+00 9.771402012971964979e+00 1.999999999782216431e+00 9.697651752807456838e-14 -6.393838312534344537e-12 1.030560906794056319e-11
6.000000000000000000e+00 1.114916002419369079e+01 3.220266301149801778e-10 -7.340359533680940266e-15 -8.482231799421321075e-15 5.321374806938589713e-14
6.000000000000000000e+00 1.156439042777541637e+01 1.392092805361801027e-10 7.854921814872457044e-14 2.035717571921790276e-14 -5.699526849096337744e-14
6.000000000000000000e+00 1.177025574736423152e+01 1.981683240376908346e-10 9.906215782439679752e-14 -1.933016874239437457e-13 1.656362916125621368e-13
6.000000000000000000e+00 1.350336087648126515e+01 1.999999999849001675e+00 4.688549548603759831e-11 8.570025245013823678e-11 -5.593847607343604977e-11
6.000000000000000000e+00 1.358747924302291210e+01 1.999999999834304987e+00 -2.683792632574011350e-10 -1.279468697656938048e-09 1.353206602328071995e-09
6.000000000000000000e+00 1.359125012862777560e+01 1.999999999835260223e+00 1.356275742755985725e-10 1.299929069768779311e-09 -1.494502921157297992e-09
6.000000000000000000e+00 1.516346503911472254e+01 1.999999999798554917e+00 -1.417230777178701828e-10 7.301020898964338812e-11 4.662584207615338983e-11
6.000000000000000000e+00 1.626920246799386405e+01 2.182291048476321413e-10 -7.523074464579997373e-14 5.428663913142637320e-14 1.367265789387699850e-13
6.000000000000000000e+00 1.675015319988007434e+01 3.917299785036210070e-11 1.184962036275781374e-13 -4.248002516454033097e-15 1.306413243543389769e-13
6.000000000000000000e+00 1.831665096725400232e+01 7.547577035266075913e-11 -9.099375606946035363e-12 5.071379331428329682e-12 -1.123489672424384852e-11
6.000000000000000000e+00 1.856352514901155004e+01 1.999999997036026489e+00 -1.278347094846310483e-09 -4.817066745488318702e-10 -1.422938045170241139e-09
6.000000000000000000e+00 1.866922994899130472e+01 3.799789045019839878e-09 3.840607465031802938e-10 -1.979923536354376270e-10 4.057391085012641244e-11
7.000000000000000000e+00 -4.468283052722840765e+00 1.999999999175798404e+00 -1.447231223750122808e-12 -3.272285220567994202e-12 -2.509326080257778813e-12
7.000000000000000000e+00 -3.209101598145149392e+00 8.152770809501993485e-10 -3.314748296055424878e-16 -1.510870401386886065e-15 -7.846085138022490334e-17
7.000000000000000000e+00 -3.239886852892066571e-01 2.325730792946563955e-10 -4.918618071490630574e-15 -1.802844167450735206e-15 -1.358399328707488155e-15
7.000000000000000000e+00 1.135362235600619663e+00 1.999999999684190399e+00 -7.052136652418994345e-13 2.971234369653075191e-12 1.754363321282426114e-11
7.000000000000000000e+00 3.284868039821167596e+00 1.470197614120169936e-10 1.277819742950034311e-14 -2.894094956042763866e-14 3.175424329873699587e-14
7.000000000000000000e+00 4.374883879080822879e+00 1.893386534313123059e-09 1.570975392000077960e-14 2.011689255186204594e-14 -6.308863974576596856e-15
7.000000000000000000e+00 5.253195637514417982e+00 1.999999998991905059e+00 -2.736655346780025866e-11 -1.796907067586062112e-10 -1.992629394820255584e-10
7.000000000000000000e+00 5.284575728518449367e+00 1.999999999058233779e+00 -3.331680070717268904e-11 6.870379959389438795e-11 -2.938839449573293905e-11
7.000000000000000000e+00 8.031123181909809006e+00 1.999999975194489910e+00 -6.302780519717998686e-11 -2.711753044337683605e-11 2.443978353028342099e-11
7.000000000000000000e+00 8.185396878193936132e+00 2.507338618117991352e-08 -6.650838556465966171e-14 5.869483836958087991e-14 -6.625986449545699011e-15
7.000000000000000000e+00 9.743715950101652368e+00 1.999999999742116508e+00 2.910524599109010069e-11 2.190031489490706917e-11 -6.442718580856876542e-11
7.000000000000000000e+00 9.762027947957255591e+00 1.999999999742634982e+00 -2.799178705666094391e-11 1.278630218197462920e-11 1.368665142158220771e-11
7.000000000000000000e+00 1.060973494013345153e+01 1.545074221821586283e-10 5.983760668097150653e-14 -1.465653058246653518e-14 -4.931145126889621871e-14
7.000000000000000000e+00 1.106779106080907304e+01 1.130685365354452793e-10 -9.370654089483087868e-14 -1.026112132247143686e-13 -1.221752648973676914e-14
7.000000000000000000e+00 1.229890596014289805e+01 4.172661341060708708e-10 -6.841330567665940141e-14 -4.958536277053525185e-14 -1.372820186557997094e-13
7.000000000000000000e+00 1.402369323394462697e+01 1.999999999783639293e+00 2.476893135039404115e-10 1.351764256085630223e-10 8.496880976593956802e-11
7.000000000000000000e+00 1.403673871921740002e+01 1.999999999824453756e+00 1.419550366144051168e-09 -6.068872071551822955e-10 -1.210918254557213913e-09
7.000000000000000000e+00 1.404168431329933142e+01 1.999999999827642982e+00 -1.735854163534278349e-09 7.303794548330078129e-10 1.037679848298056484e-09
7.000000000000000000e+00 1.522704238356541850e+01 1.999999999675341256e+00 1.284117256972194809e-11 1.757283901726580666e-11 1.023021667378998245e-10
7.000000000000000000e+00 1.582761106194030809e+01 3.738638043658812046e-10 8.033265823219489463e-14 -7.165099316087970669e-14 -8.230249498934730976e-14
7.000000000000000000e+00 1.671944453151559529e+01 3.585862957784828093e-11 -3.486462703760672463e-14 -3.148042485512265405e-14 8.492622110031512736e-14
7.000000000000000000e+00 1.812880781028848887e+01 1.266145866351619171e-10 5.441326433814842276e-12 -1.461895054679278200e-11 7.577408176999077717e-12
7.000000000000000000e+00 1.814617577586434649e+01 2.322698657671070690e-10 -6.889230388618644184e-11 -1.132110802462234851e-11 -2.084928731443591401e-11
7.000000000000000000e+00 1.896389568709083306e+01 3.355331938250184708e-10 1.246997900508410421e-10 1.111868968416080618e-10 2.626553228857004695e-11
8.000000000000000000e+00 -4.125693701063871899e+00 1.999999998204052165e+00 -2.603028903536142025e-12 1.426303519735938607e-12 1.179278896756841277e-12
8.000000000000000000e+00 -3.297346550535802834e+00 1.792698462772050138e-09 -1.864635898084777671e-15 -3.729928370056986271e-16 7.121049392628775752e-15
8.000000000000000000e+00 -4.818063752200895666e-01 4.384173158070649284e-10 -5.192554755944158695e-16 -4.282276682185026817e-16 3.418159146073976208e-15
8.000000000000000000e+00 4.411449366462881772e-01 1.999999999540237994e+00 2.292732670383657023e-11 2.563221856988207037e-11 1.454580900173141345e-11
8.000000000000000000e+00 3.812316497855514630e+00 7.967353127938846943e-11 1.526344262186685324e-14 -7.845559332193982071e-15 4.403129500962391679e-15
8.000000000000000000e+00 4.612670909256887164e+00 4.929021790650926949e-09 -1.458963363652648817e-14 2.260717437488686088e-14 -2.587064762836702288e-14
8.000000000000000000e+00 5.150529561106826471e+00 1.999999997367181814e+00 1.040558333942342983e-10 8.430663112068970122e-11 1.216420020266895108e-10
8.000000000000000000e+00 5.182022019095033016e+00 1.999999997647282424e+00 -5.756087620434335861e-11 1.903970384131703497e-11 3.720745239688127981e-11
8.000000000000000000e+00 7.915778112161344637e+00 1.999999997678562291e+00 3.768962919536988920e-11 -2.106281815628108234e-11 3.460010056244300358e-11
8.000000000000000000e+00 8.403175870472173514e+00 2.739783301198309713e-09 -3.401176654894002723e-15 2.610633273347237425e-14 3.623133720403746552e-14
8.000000000000000000e+00 9.690232058212401967e+00 1.999999999253348593e+00 -4.517142215831881913e-11 -1.257897119799622487e-10 2.018107903012378301e-10
8.000000000000000000e+00 9.706794300510310336e+00 1.999999999168706966e+00 6.702478979811465898e-11 2.404828246260759528e-11 -9.248422340457640445e-11
8.000000000000000000e+00 9.884751377761212154e+00 1.040163566616836707e-09 -1.855358711969826853e-14 5.490889831739042209e-14 -4.056525464490891750e-14
8.000000000000000000e+00 1.046500839770798841e+01 1.291161840826861986e-10 -3.992125376129750907e-14 4.688615816736375164e-15 -7.284584471711351729e-14
8.000000000000000000e+00 1.335631609515414731e+01 7.718932971544374054e-10 -7.915243902129108306e-14 2.646303641764025405e-13 4.105840705279176228e-13
8.000000000000000000e+00 1.413028065840661895e+01 1.999999999508297543e+00 6.519634832002907388e-11 9.899236985688730783e-11 6.973721600189719538e-11
8.000000000000000000e+00 1.464668722164327264e+01 1.999999999659692218e+00 2.786229025275588356e-10 -2.258105924468623016e-10 -3.989767405343513929e-10
8.000000000000000000e+00 1.465367943905736681e+01 1.999999999662251948e+00 -4.323430244455167548e-10 4.869805786920922142e-10 -7.502776394954779882e-11
8.000000000000000000e+00 1.533575069121709511e+01 4.575823416691537138e-10 5.385976939275205413e-13 2.726095046535695939e-13 4.577826872171115316e-13
8.000000000000000000e+00 1.574505013119278019e+01 1.999999999840380127e+00 1.318071207734305972e-10 -1.796901516470938986e-11 -1.014262007714705760e-10
8.000000000000000000e+00 1.671984705445552777e+01 3.562245388642134574e-11 2.018869121162163635e-13 1.187591174624892235e-13 2.009843482983702343e-13
8.000000000000000000e+00 1.782931961744422722e+01 1.920994099448026477e-10 3.399758596857117049e-11 8.219124869685608323e-11 -6.314096148826361618e-11
8.000000000000000000e+00 1.793698303244407199e+01 5.343328406030805205e-10 2.798598553289757046e-10 2.452169051326417694e-11 -2.953949000203305341e-11
8.000000000000000000e+00 1.880572551062849129e+01 1.643299243496171118e-10 -8.182441687551466087e-11 -2.682692814478025609e-11 8.498573509071164598e-11
9.000000000000000000e+00 -3.787743193088839888e+00 1.999999993736754744e+00 -3.374800439104319594e-12 7.782663402622347348e-13 -2.134403764841863449e-12
9.000000000000000000e+00 -3.356621049424648007e+00 6.264341134728953273e-09 5.012874473912564439e-15 5.033082284725793245e-15 -6.274807568356946641e-16
9.000000000000000000e+00 -6.185951945073070446e-01 1.107329494839540263e-09 5.022543873489590758e-15 2.797028532939940905e-17 1.290704701648444168e-15
9.000000000000000000e+00 -1.502083249760073347e-01 1.999999998884430585e+00 9.239831122442865308e-13 6.844635969116552587e-12 2.240507779305289660e-11
9.000000000000000000e+00 4.361769514212963550e+00 7.900295927960442498e-11 -8.408762221447387183e-16 1.525710428798395411e-14 -2.416804135212393572e-14
9.000000000000000000e+00 4.825422653405992079e+00 2.147149710239279078e-08 -6.536393555722578296e-15 1.882214634340058121e-14 2.522336315417015298e-16
9.000000000000000000e+00 5.076597916551659040e+00 1.999999987967429060e+00 1.086078726952877105e-10 8.070254187142467117e-11 1.076604638772238332e-10
9.000000000000000000e+00 5.108190691896666635e+00 1.999999990488042112e+00 4.537678566229885746e-11 -6.755998538388041652e-11 2.149327937850387116e-11
9.000000000000000000e+00 7.831837913865296485e+00 1.999999998539599755e+00 2.969652301842984343e-11 -1.066909754987577230e-11 -1.266198257354744783e-11
9.000000000000000000e+00 8.328850527236129508e+00 1.761729861614840264e-09 -5.175390176308083472e-14 3.478352989663133973e-14 2.705785041757601897e-14
9.000000000000000000e+00 9.512994019386429301e+00 6.613364964872184560e-09 3.531291004670896829e-14 -1.305055026830393227e-14 -2.961881631704285966e-14
9.000000000000000000e+00 9.627801467794480317e+00 1.999999996009296677e+00 1.531086021855365686e-10 -2.082224531685383795e-10 8.417262720161744483e-11
9.000000000000000000e+00 9.643150635117191172e+00 1.999999996809823877e+00 -1.449727178581827758e-10 2.350346670759728696e-10 -9.277641502269950990e-11
9.000000000000000000e+00 9.990322421393736718e+00 2.703004964369008393e-10 3.726949713237930150e-14 1.662388921400406367e-14 4.196812625868313529e-14
9.000000000000000000e+00 1.406122668163834888e+01 1.999999960522188314e+00 -3.238487256140842874e-11 3.090444566922201375e-12 -6.466271962324299238e-12
9.000000000000000000e+00 1.412120107919229461e+01 3.960806052430516785e-08 -5.387735219735345067e-14 5.093929614019920862e-14 -2.538771236206158196e-14
9.000000000000000000e+00 1.519532321778356554e+01 1.136478694403195336e-08 -2.116074692417597798e-13 3.278686732550159870e-14 -2.334661029048220157e-13
9.000000000000000000e+00 1.537767991549377911e+01 1.999999994040356555e+00 1.853811548713224511e-10 -4.805746356417728293e-10 6.160488785766915498e-13
9.000000000000000000e+00 1.538519936072141903e+01 1.999999994507465129e+00 -2.669893791728411570e-10 1.844100954839084094e-10 7.664190983247554101e-11
9.000000000000000000e+00 1.647922897969070277e+01 1.999999999823073749e+00 1.405925376118943859e-11 2.187305891965252158e-11 -8.136813445247526033e-11
9.000000000000000000e+00 1.674442659884981666e+01 3.924660310049082241e-11 2.028438644994129333e-12 6.312302089313021642e-13 -4.610986503659451800e-13
9.000000000000000000e+00 1.767133937345067451e+01 1.601459245565407744e-10 4.127576323243456167e-11 2.335508187082419128e-11 -3.175339494099770645e-11
9.000000000000000000e+00 1.775840825281544610e+01 4.078021549651554431e-10 1.479763811220137550e-10 1.853080162325284281e-10 -3.405903035200054997e-11
9.000000000000000000e+00 1.859947716001913420e+01 1.283845199761329946e-10 -4.580956064446590776e-11 6.038054359429830177e-11 2.450060906602357132e-11
1.000000000000000000e+01 -3.513585485456633517e+00 1.999999926670249284e+00 -2.408628851924277114e-13 -4.196643033083091723e-13 2.613576022270081012e-12
1.000000000000000000e+01 -3.390432038022957784e+00 7.333135832067953853e-08 -2.336002174972346183e-15 3.674958656616517505e-15 2.672941354482836354e-15
1.000000000000000000e+01 -7.090918704654584070e-01 6.938736683642565995e-09 7.418015398371846931e-16 -1.449261617289372867e-15 1.709564002626240410e-15
1.000000000000000000e+01 -5.772492316037622917e-01 1.999999993058254599e+00 2.679290816987034418e-12 6.532663299196883600e-12 3.291533712257432853e-12
1.000000000000000000e+01 4.829188749101662737e+00 7.106028684888511099e-10 -2.617184107439235415e-14 -5.796458572373395105e-17 1.304565372323095832e-14
1.000000000000000000e+01 4.978576130733291194e+00 3.679570050865360182e-07 3.161467789553745566e-14 -2.998209601155201928e-15 -3.640914600956712394e-14
1.000000000000000000e+01 5.032079121140505151e+00 1.999999736503584202e+00 -1.377920555434286598e-10 3.052613717358099166e-11 1.504818492037429678e-11
1.000000000000000000e+01 5.063740929941266344e+00 1.999999894829666225e+00 -2.137655503997581974e-11 1.400349627922459206e-11 8.318765815085171766e-12
1.000000000000000000e+01 7.780947335070329984e+00 1.999999994867903919e+00 1.537081573133036727e-11 4.048983370807945903e-12 8.565148590378157678e-12
1.000000000000000000e+01 7.962083981602455118e+00 5.185798236920483133e-09 6.251932746902793823e-14 -2.235976708365514262e-14 1.755692955545934856e-14
1.000000000000000000e+01 9.525585907638031813e+00 6.835642778636128145e-08 -7.662567216512216277e-15 -7.690234639092530979e-15 -1.211640662968670371e-14
1.000000000000000000e+01 9.581485717892693543e+00 1.999999957351437097e+00 -3.541358872816147141e-11 -9.955820196028142277e-11 4.387976093589429638e-12
1.000000000000000000e+01 9.596139488263037975e+00 1.999999972600975173e+00 2.961231964932614646e-11 7.955761483630086062e-12 -3.513543525134749101e-11
1.000000000000000000e+01 9.680775567586765717e+00 1.638390961144446461e-09 4.819673740725143621e-15 3.306578472895784354e-14 -1.489606795282671686e-14
1.000000000000000000e+01 1.399196502581036583e+01 1.999999962676672016e+00 -3.449594776494535608e-12 1.916378167265975208e-11 -4.104638851032405000e-11
1.000000000000000000e+01 1.406812709884121126e+01 3.732953895015094577e-08 8.289237959295193945e-15 -7.605380101480388248e-14 8.862709362052486424e-16
1.000000000000000000e+01 1.601340740996524303e+01 2.032641988070797363e-08 -5.052566744505936538e-13 4.662759131460179322e-13 -2.507720944758573971e-14
1.000000000000000000e+01 1.618335452427871601e+01 1.999999989471880735e+00 6.382492243051096636e-10 -6.579182337818068049e-11 -3.653059105213074531e-11
1.000000000000000000e+01 1.618979995836312469e+01 1.999999990245787673e+00 -7.894918030958153476e-11 -3.525407743509845204e-11 9.523395895667807753e-11
1.000000000000000000e+01 1.677672369656665197e+01 8.627927923788211488e-11 2.076936718342646019e-12 -4.485946367119643177e-13 5.016497860245855140e-13
1.000000000000000000e+01 1.720259420560073949e+01 1.999999999472443779e+00 6.859706136452814462e-10 2.938683740794090227e-10 2.368949446329704500e-10
1.000000000000000000e+01 1.759785952140921594e+01 4.077422097267846752e-10 8.669888889608451161e-12 4.959103171646541577e-11 2.758682566439701698e-11
1.000000000000000000e+01 1.763046434764752490e+01 3.365687319278690999e-10 1.507083064056695092e-11 -1.683652007428575082e-11 -1.927553598890310570e-11
1.000000000000000000e+01 1.818138232254012365e+01 3.772573261196119768e-08 -1.207369401884367846e-09 4.013675396368344089e-09 -9.126455211938551844e-09
1.100000000000000000e+01 -3.401386736148777512e+00 2.000000000000006661e+00 -2.956190847669404320e-12 -3.827230199426878698e-12 -5.324074514589938190e-13
1.100000000000000000e+01 -7.405661993250987063e-01 2.000000000000000000e+00 8.748279878290077249e-12 -2.202182880495229256e-12 1.831090834514270682e-12
1.100000000000000000e+01 5.017204282638074275e+00 1.999999999999978906e+00 2.417988032021867184e-11 -3.764960565533215231e-12 1.565944596215729234e-11
1.100000000000000000e+01 5.048889636579897200e+00 1.999999999999969136e+00 -3.247874191814048572e-11 1.182570708024854866e-11 2.099287410572969748e-11
1.100000000000000000e+01 7.763872757264321578e+00 1.999999999999913403e+00 2.152361622265175356e-12 9.092993719095332494e-12 4.677139231468174785e-11
1.100000000000000000e+01 9.564627658142013544e+00 2.000000000000029754e+00 1.297085355789207028e-11 3.129133063772826517e-11 1.084020373465222065e-11
1.100000000000000000e+01 9.579054668163651698e+00 1.999999999999835465e+00 2.602829063391709496e-11 -1.666508597786275914e-11 -1.158106943677239542e-11
1.100000000000000000e+01 1.396598452711721805e+01 2.000000000000120792e+00 -1.014299755297543015e-11 -8.321343614170473302e-12 -1.002214977674498186e-11
1.100000000000000000e+01 1.679209835386345873e+01 1.999999999701941977e+00 5.196073199764672523e-07 -2.338443588073557677e-07 -2.778938632888583449e-07
1.100000000000000000e+01 1.679242687913835397e+01 2.000000000101110231e+00 -5.198552210997076095e-07 2.499371569847363972e-07 2.723675535248881729e-07
1.100000000000000000e+01 1.755669956108355123e+01 2.000000009197078654e+00 2.133965980976870735e-04 -3.536915745264157529e-04 -4.492777506078515781e-04
1.100000000000000000e+01 1.758726088792568021e+01 2.000008287525204764e+00 -6.877253693311907723e-04 6.924600798751262554e-04 -8.216063672322748701e-07
