# nodes of the path: 
#   0.000000 L          0.50000000   0.50000000   0.50000000
#   1.002099 G          0.00000000   0.00000000   0.00000000
#   1.820310 X          0.50000000   0.00000000   0.50000000
#   2.174605 U/K        0.62500000   0.25000000   0.62500000
#   3.237492 G          0.37500000   0.37500000   0.75000000
# # k on path (A^-1) and reduced coordinates k1,k2,k3
0.000000000000000000e+00 5.000000000000000000e-01 5.000000000000000000e-01 5.000000000000000000e-01
4.554995874195984923e-02 4.772727272727272929e-01 4.772727272727272929e-01 4.772727272727272929e-01
9.109991748391989275e-02 4.545454545454545303e-01 4.545454545454545303e-01 4.545454545454545303e-01
1.366498762258797350e-01 4.318181818181818232e-01 4.318181818181818232e-01 4.318181818181818232e-01
1.821998349678396745e-01 4.090909090909090606e-01 4.090909090909090606e-01 4.090909090909090606e-01
2.277497937097995306e-01 3.863636363636363535e-01 3.863636363636363535e-01 3.863636363636363535e-01
2.732997524517593591e-01 3.636363636363636465e-01 3.636363636363636465e-01 3.636363636363636465e-01
3.188497111937191875e-01 3.409090909090909394e-01 3.409090909090909394e-01 3.409090909090909394e-01
3.643996699356791269e-01 3.181818181818181768e-01 3.181818181818181768e-01 3.181818181818181768e-01
4.099496286776391774e-01 2.954545454545454142e-01 2.954545454545454142e-01 2.954545454545454142e-01
4.554995874195990058e-01 2.727272727272727071e-01 2.727272727272727071e-01 2.727272727272727071e-01
5.010495461615588342e-01 2.500000000000000000e-01 2.500000000000000000e-01 2.500000000000000000e-01
5.465995049035187181e-01 2.272727272727272929e-01 2.272727272727272929e-01 2.272727272727272929e-01
5.921494636454787130e-01 2.045454545454545303e-01 2.045454545454545303e-01 2.045454545454545303e-01
6.376994223874385970e-01 1.818181818181818232e-01 1.818181818181818232e-01 1.818181818181818232e-01
6.832493811293985919e-01 1.590909090909090606e-01 1.590909090909090606e-01 1.590909090909090606e-01
7.287993398713584758e-01 1.363636363636363535e-01 1.363636363636363535e-01 1.363636363636363535e-01
7.743492986133183598e-01 1.136363636363636465e-01 1.136363636363636465e-01 1.136363636363636465e-01
8.198992573552783547e-01 9.090909090909088386e-02 9.090909090909088386e-02 9.090909090909088386e-02
8.654492160972382386e-01 6.818181818181817677e-02 6.818181818181817677e-02 6.818181818181817677e-02
9.109991748391982336e-01 4.545454545454541417e-02 4.545454545454541417e-02 4.545454545454541417e-02
9.565491335811581175e-01 2.272727272727270709e-02 2.272727272727270709e-02 2.272727272727270709e-02
1.002099092323117890e+00 0.000000000000000000e+00 0.000000000000000000e+00 0.000000000000000000e+00
1.002099092323117890e+00 0.000000000000000000e+00 0.000000000000000000e+00 0.000000000000000000e+00
1.033568726270525762e+00 1.923076923076923184e-02 0.000000000000000000e+00 1.923076923076923184e-02
1.065038360217933633e+00 3.846153846153846367e-02 0.000000000000000000e+00 3.846153846153846367e-02
1.096507994165341504e+00 5.769230769230769551e-02 0.000000000000000000e+00 5.769230769230769551e-02
1.127977628112749375e+00 7.692307692307692735e-02 0.000000000000000000e+00 7.692307692307692735e-02
1.159447262060157247e+00 9.615384615384615918e-02 0.000000000000000000e+00 9.615384615384615918e-02
1.190916896007565118e+00 1.153846153846153910e-01 0.000000000000000000e+00 1.153846153846153910e-01
1.222386529954972989e+00 1.346153846153846367e-01 0.000000000000000000e+00 1.346153846153846367e-01
1.253856163902380860e+00 1.538461538461538547e-01 0.000000000000000000e+00 1.538461538461538547e-01
1.285325797849788731e+00 1.730769230769230727e-01 0.000000000000000000e+00 1.730769230769230727e-01
1.316795431797196603e+00 1.923076923076923184e-01 0.000000000000000000e+00 1.923076923076923184e-01
1.348265065744604474e+00 2.115384615384615641e-01 0.000000000000000000e+00 2.115384615384615641e-01
1.379734699692012345e+00 2.307692307692307820e-01 0.000000000000000000e+00 2.307692307692307820e-01
1.411204333639420216e+00 2.500000000000000000e-01 0.000000000000000000e+00 2.500000000000000000e-01
1.442673967586828088e+00 2.692307692307692735e-01 0.000000000000000000e+00 2.692307692307692735e-01
1.474143601534235959e+00 2.884615384615384914e-01 0.000000000000000000e+00 2.884615384615384914e-01
1.505613235481643830e+00 3.076923076923077094e-01 0.000000000000000000e+00 3.076923076923077094e-01
1.537082869429051701e+00 3.269230769230769273e-01 0.000000000000000000e+00 3.269230769230769273e-01
1.568552503376459573e+00 3.461538461538461453e-01 0.000000000000000000e+00 3.461538461538461453e-01
1.600022137323867444e+00 3.653846153846154188e-01 0.000000000000000000e+00 3.653846153846154188e-01
1.631491771271275315e+00 3.846153846153846367e-01 0.000000000000000000e+00 3.846153846153846367e-01
1.662961405218683186e+00 4.038461538461538547e-01 0.000000000000000000e+00 4.038461538461538547e-01
1.694431039166091058e+00 4.230769230769231282e-01 0.000000000000000000e+00 4.230769230769231282e-01
1.725900673113498929e+00 4.423076923076923461e-01 0.000000000000000000e+00 4.423076923076923461e-01
1.757370307060906578e+00 4.615384615384615641e-01 0.000000000000000000e+00 4.615384615384615641e-01
1.788839941008314449e+00 4.807692307692307820e-01 0.000000000000000000e+00 4.807692307692307820e-01
1.820309574955722098e+00 5.000000000000000000e-01 0.000000000000000000e+00 5.000000000000000000e-01
1.820309574955722098e+00 5.000000000000000000e-01 0.000000000000000000e+00 5.000000000000000000e-01
1.864596516430882200e+00 5.156250000000000000e-01 3.125000000000000000e-02 5.156250000000000000e-01
1.908883457906042080e+00 5.312500000000000000e-01 6.250000000000000000e-02 5.312500000000000000e-01
1.953170399381202182e+00 5.468750000000000000e-01 9.375000000000000000e-02 5.468750000000000000e-01
1.997457340856362284e+00 5.625000000000000000e-01 1.250000000000000000e-01 5.625000000000000000e-01
2.041744282331522164e+00 5.781250000000000000e-01 1.562500000000000000e-01 5.781250000000000000e-01
2.086031223806682267e+00 5.937500000000000000e-01 1.875000000000000000e-01 5.937500000000000000e-01
2.130318165281842369e+00 6.093750000000000000e-01 2.187500000000000000e-01 6.093750000000000000e-01
2.174605106757002471e+00 6.250000000000000000e-01 2.500000000000000000e-01 6.250000000000000000e-01
2.174605106757002471e+00 3.750000000000000000e-01 3.750000000000000000e-01 7.500000000000000000e-01
2.212565342307139638e+00 3.616071428571428492e-01 3.616071428571428492e-01 7.232142857142856984e-01
2.250525577857276804e+00 3.482142857142856984e-01 3.482142857142856984e-01 6.964285714285713969e-01
2.288485813407413971e+00 3.348214285714286031e-01 3.348214285714286031e-01 6.696428571428572063e-01
2.326446048957551138e+00 3.214285714285714524e-01 3.214285714285714524e-01 6.428571428571429047e-01
2.364406284507688305e+00 3.080357142857143016e-01 3.080357142857143016e-01 6.160714285714286031e-01
2.402366520057825472e+00 2.946428571428571508e-01 2.946428571428571508e-01 5.892857142857143016e-01
2.440326755607962639e+00 2.812500000000000000e-01 2.812500000000000000e-01 5.625000000000000000e-01
2.478286991158099806e+00 2.678571428571428492e-01 2.678571428571428492e-01 5.357142857142856984e-01
2.516247226708236973e+00 2.544642857142856984e-01 2.544642857142856984e-01 5.089285714285713969e-01
2.554207462258374139e+00 2.410714285714286031e-01 2.410714285714286031e-01 4.821428571428572063e-01
2.592167697808511306e+00 2.276785714285714246e-01 2.276785714285714246e-01 4.553571428571428492e-01
2.630127933358648473e+00 2.142857142857143016e-01 2.142857142857143016e-01 4.285714285714286031e-01
2.668088168908785640e+00 2.008928571428571508e-01 2.008928571428571508e-01 4.017857142857143016e-01
2.706048404458922807e+00 1.875000000000000000e-01 1.875000000000000000e-01 3.750000000000000000e-01
2.744008640009059974e+00 1.741071428571428492e-01 1.741071428571428492e-01 3.482142857142856984e-01
2.781968875559197141e+00 1.607142857142857262e-01 1.607142857142857262e-01 3.214285714285714524e-01
2.819929111109334308e+00 1.473214285714286031e-01 1.473214285714286031e-01 2.946428571428572063e-01
2.857889346659471475e+00 1.339285714285714524e-01 1.339285714285714524e-01 2.678571428571429047e-01
2.895849582209608641e+00 1.205357142857143016e-01 1.205357142857143016e-01 2.410714285714286031e-01
2.933809817759745808e+00 1.071428571428572063e-01 1.071428571428572063e-01 2.142857142857144126e-01
2.971770053309882975e+00 9.375000000000000000e-02 9.375000000000000000e-02 1.875000000000000000e-01
3.009730288860020142e+00 8.035714285714284921e-02 8.035714285714284921e-02 1.607142857142856984e-01
3.047690524410157309e+00 6.696428571428569843e-02 6.696428571428569843e-02 1.339285714285713969e-01
3.085650759960294476e+00 5.357142857142860315e-02 5.357142857142860315e-02 1.071428571428572063e-01
3.123610995510431643e+00 4.017857142857145236e-02 4.017857142857145236e-02 8.035714285714290472e-02
3.161571231060568810e+00 2.678571428571430157e-02 2.678571428571430157e-02 5.357142857142860315e-02
3.199531466610705976e+00 1.339285714285720630e-02 1.339285714285720630e-02 2.678571428571441260e-02
3.237491702160843143e+00 0.000000000000000000e+00 0.000000000000000000e+00 0.000000000000000000e+00
