# # reduced_coordinates ,energy, weight 
# 
0.000000000000000000e+00 -5.672874033635065594e+00 9.999999990526240445e-01
0.000000000000000000e+00 -1.530658988912806162e+00 1.637216092119535510e-10
0.000000000000000000e+00 -1.530509520960799064e+00 9.739620030117691927e-10
0.000000000000000000e+00 3.385291259229098682e+00 2.826540158948628141e-09
0.000000000000000000e+00 6.230534589186883743e+00 2.999999994009364457e+00
0.000000000000000000e+00 6.966681014407566153e+00 7.130846590844107570e-09
0.000000000000000000e+00 8.804742545339456328e+00 2.999999996321827567e+00
0.000000000000000000e+00 9.702585027512764526e+00 9.999999992431902740e-01
0.000000000000000000e+00 1.396004102629441235e+01 1.999999999158959874e+00
0.000000000000000000e+00 1.424180343904775725e+01 9.999999998345051599e-01
0.000000000000000000e+00 1.635788306605002518e+01 6.957627955520897740e-09
0.000000000000000000e+00 1.721046596905673098e+01 9.779063302005555391e-09
0.000000000000000000e+00 1.750695775926706332e+01 2.999999982454843561e+00
0.000000000000000000e+00 1.878209145852008533e+01 3.632208056899822866e-09
1.000000000000000000e+00 -5.645754862944817098e+00 9.999999990262498084e-01
1.000000000000000000e+00 -1.868836097098107940e+00 6.668221604780198022e-10
1.000000000000000000e+00 -1.169970214220841020e+00 5.016481837841375574e-10
1.000000000000000000e+00 3.275655598607031038e+00 1.484155634194619180e-09
1.000000000000000000e+00 3.407924444612779880e+00 1.462619260409807478e-09
1.000000000000000000e+00 5.935595710601032415e+00 9.999999986102894312e-01
1.000000000000000000e+00 6.184778816575909666e+00 1.999999996515427814e+00
1.000000000000000000e+00 6.963783024065499205e+00 3.320640908286514327e-09
1.000000000000000000e+00 7.188388174764845928e+00 2.777865384884891677e-09
1.000000000000000000e+00 8.864092939891124345e+00 9.999999987057595074e-01
1.000000000000000000e+00 8.871895385397850831e+00 1.999999997392567730e+00
1.000000000000000000e+00 9.891709628661258691e+00 9.999999992569045260e-01
1.000000000000000000e+00 1.386791684740854791e+01 1.999999998980195315e+00
1.000000000000000000e+00 1.436037415325262501e+01 9.999999998158699555e-01
1.000000000000000000e+00 1.596807185001163099e+01 1.362423500535517364e-09
1.000000000000000000e+00 1.603131961903442004e+01 1.804030287850693056e-09
1.000000000000000000e+00 1.717775612796031481e+01 2.147466135709853229e-08
1.000000000000000000e+00 1.720521034607274657e+01 3.499676991527904426e-09
1.000000000000000000e+00 1.739748242552958857e+01 9.999999781692748835e-01
1.000000000000000000e+00 1.768695849958030664e+01 1.999999992982349761e+00
1.000000000000000000e+00 1.855058960142380542e+01 2.216484197562022742e-09
1.000000000000000000e+00 1.913238655592171611e+01 1.907547338975300738e-10
2.000000000000000000e+00 -5.564630841498063418e+00 9.999999989416180624e-01
2.000000000000000000e+00 -2.175530754148779167e+00 5.171812690996590242e-11
2.000000000000000000e+00 -2.175426846507210410e+00 7.565568263029377216e-10
2.000000000000000000e+00 -8.040248698352937540e-01 4.600494521633297046e-10
2.000000000000000000e+00 3.016537092702062939e+00 1.748351972452289788e-09
2.000000000000000000e+00 3.475379434073429863e+00 1.622145382282363904e-09
2.000000000000000000e+00 5.258582824957669821e+00 9.999999985582520567e-01
2.000000000000000000e+00 6.063508182395819013e+00 1.999999997080494030e+00
2.000000000000000000e+00 7.047967847876027037e+00 2.846448378456205990e-09
2.000000000000000000e+00 7.697768824368798057e+00 3.274710475279672973e-09
2.000000000000000000e+00 8.853748023810009471e+00 9.999999983843141926e-01
2.000000000000000000e+00 9.051188883707109056e+00 1.999999996714592942e+00
2.000000000000000000e+00 1.045063844162815059e+01 9.999999992801800186e-01
2.000000000000000000e+00 1.365241473353842849e+01 1.999999998217036890e+00
2.000000000000000000e+00 1.469022590762819114e+01 9.999999994717460039e-01
2.000000000000000000e+00 1.517120207865796822e+01 1.324783573638487132e-09
2.000000000000000000e+00 1.527776257351339417e+01 1.117315847616344798e-09
2.000000000000000000e+00 1.709598982749217910e+01 8.112441446383831107e-07
2.000000000000000000e+00 1.713257753477876122e+01 9.138908424447819869e-10
2.000000000000000000e+00 1.714037687517795305e+01 9.999991885551253734e-01
2.000000000000000000e+00 1.817081924699227002e+01 1.999999988312039179e+00
2.000000000000000000e+00 1.854308210045517669e+01 1.028595492945435555e-08
2.000000000000000000e+00 1.912022735316755018e+01 1.795264907083303481e-10
3.000000000000000000e+00 -5.430244020706954444e+00 9.999999987795226142e-01
3.000000000000000000e+00 -2.445926550519401665e+00 5.081531059690445693e-11
3.000000000000000000e+00 -2.445818613779365602e+00 9.662484378227962390e-10
3.000000000000000000e+00 -4.652262062849841229e-01 4.474483860408075359e-10
3.000000000000000000e+00 2.740596026891795933e+00 2.482726549285062320e-09
3.000000000000000000e+00 3.586253323201154419e+00 1.937809628226435594e-09
3.000000000000000000e+00 4.442187105051147888e+00 9.999999977638752702e-01
3.000000000000000000e+00 5.899875055325507489e+00 1.999999997210598179e+00
3.000000000000000000e+00 7.192476995699476738e+00 2.884276975741247051e-09
3.000000000000000000e+00 8.412800656356530737e+00 9.150241818022465796e-09
3.000000000000000000e+00 8.733445338934988200e+00 9.999999946994526656e-01
3.000000000000000000e+00 9.289870102824014708e+00 1.999999994045029039e+00
3.000000000000000000e+00 1.120291072563398060e+01 9.999999992968089391e-01
3.000000000000000000e+00 1.342906666373396973e+01 1.999999994802021730e+00
3.000000000000000000e+00 1.428273811826496598e+01 4.467403180915816531e-09
3.000000000000000000e+00 1.436657993374986653e+01 1.023562578566594479e-09
3.000000000000000000e+00 1.513101790433779037e+01 9.999999993722065161e-01
3.000000000000000000e+00 1.691000812348342208e+01 9.999996244017524960e-01
3.000000000000000000e+00 1.697611549927797014e+01 3.755779280351201897e-07
3.000000000000000000e+00 1.702078959867549557e+01 4.433909340327658029e-10
3.000000000000000000e+00 1.857174218805666754e+01 2.032159189657282085e-08
3.000000000000000000e+00 1.885726391287585813e+01 1.999999972203899912e+00
3.000000000000000000e+00 1.914927911036025421e+01 5.294321157293829586e-10
4.000000000000000000e+00 -5.244005146496858671e+00 9.999999984969117905e-01
4.000000000000000000e+00 -2.677934132078132023e+00 5.056037037073306876e-11
4.000000000000000000e+00 -2.677821918916405419e+00 1.289233600351543916e-09
4.000000000000000000e+00 -2.092123991021412055e-01 4.839095376046282086e-10
4.000000000000000000e+00 2.571156140238137766e+00 5.542326342143253981e-09
4.000000000000000000e+00 3.590171674081358955e+00 9.999999945753970110e-01
4.000000000000000000e+00 3.737917801914825588e+00 2.515673441275421390e-09
4.000000000000000000e+00 5.723230155549780207e+00 1.999999996880427622e+00
4.000000000000000000e+00 7.391431534977273010e+00 3.815691829797168456e-09
4.000000000000000000e+00 8.568154659209428203e+00 9.999999965134380719e-01
4.000000000000000000e+00 9.261930800038351563e+00 4.917974956427465887e-08
4.000000000000000000e+00 9.524605174703760113e+00 1.999999951084387995e+00
4.000000000000000000e+00 1.200848873815653661e+01 9.999999992776963387e-01
4.000000000000000000e+00 1.329903914881970550e+01 1.999999637761050719e+00
4.000000000000000000e+00 1.339956347713406082e+01 3.456426945214972697e-07
4.000000000000000000e+00 1.341135189178308451e+01 1.653019599645021998e-08
4.000000000000000000e+00 1.541287888157325980e+01 9.999999992140488070e-01
4.000000000000000000e+00 1.681721376699592341e+01 2.767587694703083398e-08
4.000000000000000000e+00 1.690890425940572683e+01 3.353658023493141796e-10
4.000000000000000000e+00 1.701670969387713228e+01 9.999999727474672140e-01
4.000000000000000000e+00 1.855844436164558786e+01 3.803948795682400006e-09
4.000000000000000000e+00 1.915966347287708516e+01 9.813438332516545001e-09
5.000000000000000000e+00 -5.008320010055076210e+00 9.999999979985584320e-01
5.000000000000000000e+00 -2.871194337808239183e+00 5.071911841217314730e-11
5.000000000000000000e+00 -2.871077520605073818e+00 1.823757704980906944e-09
5.000000000000000000e+00 -9.933871462618548698e-02 6.198837508549566033e-10
5.000000000000000000e+00 2.605948530119703399e+00 2.305477480800837821e-07
5.000000000000000000e+00 2.746165016768447487e+00 9.999997693519332431e-01
5.000000000000000000e+00 3.926007895829725314e+00 3.607509932853498886e-09
5.000000000000000000e+00 5.552836742073669285e+00 1.999999995925564100e+00
5.000000000000000000e+00 7.638143865559747780e+00 7.618528017026990481e-09
5.000000000000000000e+00 8.394610525767552289e+00 9.999999932534392455e-01
5.000000000000000000e+00 9.695902975724486339e+00 1.999999988342433532e+00
5.000000000000000000e+00 1.020190985169826270e+01 1.135768307688795471e-08
5.000000000000000000e+00 1.246100744633478108e+01 1.091835578403217559e-09
5.000000000000000000e+00 1.255746017045631824e+01 6.026575654420338573e-09
5.000000000000000000e+00 1.280737623890401444e+01 9.999999987080425701e-01
5.000000000000000000e+00 1.333881641990648248e+01 1.999999993242513874e+00
5.000000000000000000e+00 1.534723862784855086e+01 9.999999987910805910e-01
5.000000000000000000e+00 1.660102212098524532e+01 1.681380412012626388e-09
5.000000000000000000e+00 1.681645389185549178e+01 2.922496862303278069e-10
5.000000000000000000e+00 1.766027079519247067e+01 9.999999991029913105e-01
5.000000000000000000e+00 1.847712475258216713e+01 7.786639689573048008e-10
5.000000000000000000e+00 1.909786562611714444e+01 3.939007705613584835e-09
6.000000000000000000e+00 -4.727287334667710894e+00 9.999999970522064352e-01
6.000000000000000000e+00 -3.026713924131002376e+00 5.113759210593925374e-11
6.000000000000000000e+00 -3.026592209752569929e+00 2.804522515415508006e-09
6.000000000000000000e+00 -1.445580744117397620e-01 9.321495836452390887e-10
6.000000000000000000e+00 1.933757034600188884e+00 9.999999950832160200e-01
6.000000000000000000e+00 2.869378018058663660e+00 4.433966161586816964e-09
6.000000000000000000e+00 4.143574677059300271e+00 5.882007206909211329e-09
6.000000000000000000e+00 5.399932922592888929e+00 1.999999993727244796e+00
6.000000000000000000e+00 7.920374076027584920e+00 3.954466642990698696e-08
6.000000000000000000e+00 8.232038169338467881e+00 9.999999615706260947e-01
6.000000000000000000e+00 9.771310903722101315e+00 1.999999997233883775e+00
6.000000000000000000e+00 1.114946941455049512e+01 2.016682043085117434e-09
6.000000000000000000e+00 1.160128783836632316e+01 9.209897618283631204e-10
6.000000000000000000e+00 1.177655619220035099e+01 1.287620253563608874e-09
6.000000000000000000e+00 1.354357899015254496e+01 9.999999990677281847e-01
6.000000000000000000e+00 1.358812827064391726e+01 1.999999997861721113e+00
6.000000000000000000e+00 1.519451390607762420e+01 9.999999985412278969e-01
6.000000000000000000e+00 1.628608883410176489e+01 1.572410379387612331e-09
6.000000000000000000e+00 1.675265902247426197e+01 2.484758211995076814e-10
6.000000000000000000e+00 1.833300169148335712e+01 2.757599887281153483e-10
6.000000000000000000e+00 1.859280907481215905e+01 9.999999739247971142e-01
6.000000000000000000e+00 1.868853446296679266e+01 2.832020755468160466e-08
7.000000000000000000e+00 -4.408191412602640469e+00 9.999999949814630806e-01
7.000000000000000000e+00 -3.146649969921621270e+00 5.167821101828608513e-11
7.000000000000000000e+00 -3.146523235496975435e+00 4.909623771633356102e-09
7.000000000000000000e+00 -2.826416030573832838e-01 1.564974454589531595e-09
7.000000000000000000e+00 1.170815486918237669e+00 9.999999979163536334e-01
7.000000000000000000e+00 3.303092051899607196e+00 9.080334338419780742e-10
7.000000000000000000e+00 4.379574900536398196e+00 1.149001103372551927e-08
7.000000000000000000e+00 5.270734232870699643e+00 1.999999988160384712e+00
7.000000000000000000e+00 8.091037209291766175e+00 9.999997469192658528e-01
7.000000000000000000e+00 8.211379854434795789e+00 2.547403290549621604e-07
7.000000000000000000e+00 9.762462377517111989e+00 1.999999996660100532e+00
7.000000000000000000e+00 1.063214787698580643e+01 1.086708407925505070e-09
7.000000000000000000e+00 1.107444992045230769e+01 7.426128472943159580e-10
7.000000000000000000e+00 1.231349416532477470e+01 2.602102880260811234e-09
7.000000000000000000e+00 1.403815091390323033e+01 1.999999997804611462e+00
7.000000000000000000e+00 1.404943582341532426e+01 9.999999985833761817e-01
7.000000000000000000e+00 1.526729031179757001e+01 9.999999974603159814e-01
7.000000000000000000e+00 1.584192316424539548e+01 2.910299126367439465e-09
7.000000000000000000e+00 1.672092472914270189e+01 2.292860140706557293e-10
7.000000000000000000e+00 1.814891934596392886e+01 3.701718380035634045e-10
7.000000000000000000e+00 1.816344352661732842e+01 4.561789023523973664e-10
7.000000000000000000e+00 1.900356694785700995e+01 2.922457191176550841e-10
8.000000000000000000e+00 -4.064884104773427431e+00 9.999999891594049117e-01
8.000000000000000000e+00 -3.234087465362788905e+00 5.231872440556269305e-11
8.000000000000000000e+00 -3.233955922572342434e+00 1.076541438927932619e-08
8.000000000000000000e+00 -4.437120983752320114e-01 3.029778036134368081e-09
8.000000000000000000e+00 4.774704316707114593e-01 9.999999968403825434e-01
8.000000000000000000e+00 3.829557658544940679e+00 6.348999065295144316e-11
8.000000000000000000e+00 3.829665550669282492e+00 4.092277880382792638e-10
8.000000000000000000e+00 4.616627947404619015e+00 2.975437425516094260e-08
8.000000000000000000e+00 5.168504371401730246e+00 1.999999969913599074e+00
8.000000000000000000e+00 7.977538891401032117e+00 9.999999838816224784e-01
8.000000000000000000e+00 8.435908237999727888e+00 1.874686866547772489e-08
8.000000000000000000e+00 9.707751486876583513e+00 1.999999989373494325e+00
8.000000000000000000e+00 9.906715984064073055e+00 7.148747347495895708e-09
8.000000000000000000e+00 1.047218830915373111e+01 9.175809943891105081e-10
8.000000000000000000e+00 1.336829784805722454e+01 4.816256458311832339e-09
8.000000000000000000e+00 1.414748725313168976e+01 9.999999967318120575e-01
8.000000000000000000e+00 1.465022171104187088e+01 1.999999995754227822e+00
8.000000000000000000e+00 1.534777182249732341e+01 3.197308691502401685e-09
8.000000000000000000e+00 1.578687662379015499e+01 9.999999988403148743e-01
8.000000000000000000e+00 1.671998151090880569e+01 2.211010776762746274e-10
8.000000000000000000e+00 1.785153961357936225e+01 4.667587584761718117e-10
8.000000000000000000e+00 1.795346891607217543e+01 1.039648867119625745e-09
8.000000000000000000e+00 1.884413496912629782e+01 2.194562245904774591e-09
9.000000000000000000e+00 -3.725715339547508886e+00 9.999999626587436907e-01
9.000000000000000000e+00 -3.292679124641283650e+00 5.275197447779932338e-11
9.000000000000000000e+00 -3.292543481853475562e+00 3.729244664422406078e-08
9.000000000000000000e+00 -5.826018027597666959e-01 8.022177954092661648e-09
9.000000000000000000e+00 -1.140320371596571375e-01 9.999999919296298501e-01
9.000000000000000000e+00 4.375342150936665675e+00 8.423924250657777603e-11
9.000000000000000000e+00 4.375457276556134367e+00 3.020201616216878459e-10
9.000000000000000000e+00 4.828490181111348534e+00 1.279547869479838969e-07
9.000000000000000000e+00 5.094861852502612365e+00 1.999999871694779996e+00
9.000000000000000000e+00 7.894828675950190444e+00 9.999999907016894340e-01
9.000000000000000000e+00 8.377047141050645962e+00 1.128930583946839113e-08
9.000000000000000000e+00 9.525768233122468231e+00 3.553630711211683112e-08
9.000000000000000000e+00 9.644441429550770550e+00 1.999999960241135355e+00
9.000000000000000000e+00 9.998202541424193512e+00 2.263151949638823360e-09
9.000000000000000000e+00 1.407777778870026708e+01 9.999997005280796269e-01
9.000000000000000000e+00 1.413631708754267713e+01 3.001577825973010159e-07
9.000000000000000000e+00 1.520181895907601621e+01 7.428742297500491263e-08
9.000000000000000000e+00 1.538225636799729301e+01 1.999999925240197873e+00
9.000000000000000000e+00 1.651565777556565351e+01 9.999999989523267185e-01
9.000000000000000000e+00 1.674279499608348587e+01 2.223525096576135572e-10
9.000000000000000000e+00 1.769369412672067199e+01 7.002823894813347831e-10
9.000000000000000000e+00 1.777567244498497701e+01 9.832372555932972402e-10
9.000000000000000000e+00 1.863291225450259958e+01 1.194022962070815986e-09
1.000000000000000000e+01 -3.449913073182158563e+00 9.999995692995922170e-01
1.000000000000000000e+01 -3.326017783786616278e+00 5.303626856518954800e-11
1.000000000000000000e+01 -3.325879310561765223e+00 4.306560308344300149e-07
1.000000000000000000e+01 -6.742916502140525736e-01 5.668689518574267822e-08
1.000000000000000000e+01 -5.420915905783538769e-01 9.999999432955827272e-01
1.000000000000000000e+01 4.837519221019759286e+00 6.694013421526514734e-10
1.000000000000000000e+01 4.837641815530700384e+00 2.750162729324971098e-10
1.000000000000000000e+01 4.979953448440570085e+00 1.835275047400972943e-06
1.000000000000000000e+01 5.050512312795676806e+00 1.999998163786331995e+00
1.000000000000000000e+01 7.844651480382188069e+00 9.999999699529356079e-01
1.000000000000000000e+01 8.021278207900556012e+00 3.040471609531489247e-08
1.000000000000000000e+01 9.534938534255319453e+00 3.727060735819437186e-07
1.000000000000000000e+01 9.597591757494466691e+00 1.999999608008552032e+00
1.000000000000000000e+01 9.689000270037093188e+00 1.893518845028297700e-08
1.000000000000000000e+01 1.400864345129184763e+01 9.999997127474472558e-01
1.000000000000000000e+01 1.408480347099857433e+01 2.872868754660437415e-07
1.000000000000000000e+01 1.601617443908647331e+01 1.277237933642153029e-07
1.000000000000000000e+01 1.618733992240427000e+01 1.999999872598726025e+00
1.000000000000000000e+01 1.677363867226924654e+01 3.306263976438662032e-10
1.000000000000000000e+01 1.723072350074578551e+01 9.999999970205070143e-01
1.000000000000000000e+01 1.762297362587709770e+01 2.001773429157482614e-09
1.000000000000000000e+01 1.764622785959114992e+01 1.238952645288380021e-09
1.000000000000000000e+01 1.820197501441568377e+01 9.276515154220011200e-08
1.100000000000000000e+01 -3.336796156006239134e+00 7.499999999642260606e-01
1.100000000000000000e+01 -3.336610266954286530e+00 2.500000000357676111e-01
1.100000000000000000e+01 -7.061579390399659317e-01 1.000000000000002665e+00
1.100000000000000000e+01 5.035654766830427675e+00 1.249999999488806246e+00
1.100000000000000000e+01 5.035790100282816262e+00 7.500000005112205104e-01
1.100000000000000000e+01 7.827842381430349938e+00 1.000000000000057288e+00
1.100000000000000000e+01 9.580591892869481541e+00 1.999999999999921174e+00
1.100000000000000000e+01 1.398273005573333450e+01 9.999999999998524514e-01
1.100000000000000000e+01 1.678859070353298932e+01 2.000000000032131631e+00
1.100000000000000000e+01 1.759750459634076236e+01 1.999999716149668982e+00
