# nodes of the path: 
#   0.000000 L          0.50000000   0.50000000   0.50000000
#   1.002099 G          0.00000000   0.00000000   0.00000000
#   1.820310 X          0.50000000   0.00000000   0.50000000
#   2.174605 U/K        0.62500000   0.25000000   0.62500000
#   3.237492 G          0.37500000   0.37500000   0.75000000
# # k on path (A^-1) and reduced coordinates k1,k2,k3
0.000000000000000000e+00 5.000000000000000000e-01 5.000000000000000000e-01 5.000000000000000000e-01
4.554995872190392703e-02 4.772727272727272929e-01 4.772727272727272929e-01 4.772727272727272929e-01
9.109991744380804835e-02 4.545454545454545303e-01 4.545454545454545303e-01 4.545454545454545303e-01
1.366498761657118921e-01 4.318181818181818232e-01 4.318181818181818232e-01 4.318181818181818232e-01
1.821998348876159302e-01 4.090909090909090606e-01 4.090909090909090606e-01 4.090909090909090606e-01
2.277497936095198572e-01 3.863636363636363535e-01 3.863636363636363535e-01 3.863636363636363535e-01
2.732997523314237842e-01 3.636363636363636465e-01 3.636363636363636465e-01 3.636363636363636465e-01
3.188497110533277112e-01 3.409090909090909394e-01 3.409090909090909394e-01 3.409090909090909394e-01
3.643996697752317493e-01 3.181818181818181768e-01 3.181818181818181768e-01 3.181818181818181768e-01
4.099496284971357873e-01 2.954545454545454142e-01 2.954545454545454142e-01 2.954545454545454142e-01
4.554995872190397144e-01 2.727272727272727071e-01 2.727272727272727071e-01 2.727272727272727071e-01
5.010495459409436414e-01 2.500000000000000000e-01 2.500000000000000000e-01 2.500000000000000000e-01
5.465995046628475684e-01 2.272727272727272929e-01 2.272727272727272929e-01 2.272727272727272929e-01
5.921494633847516065e-01 2.045454545454545303e-01 2.045454545454545303e-01 2.045454545454545303e-01
6.376994221066555335e-01 1.818181818181818232e-01 1.818181818181818232e-01 1.818181818181818232e-01
6.832493808285595716e-01 1.590909090909090606e-01 1.590909090909090606e-01 1.590909090909090606e-01
7.287993395504634986e-01 1.363636363636363535e-01 1.363636363636363535e-01 1.363636363636363535e-01
7.743492982723674256e-01 1.136363636363636465e-01 1.136363636363636465e-01 1.136363636363636465e-01
8.198992569942714637e-01 9.090909090909088386e-02 9.090909090909088386e-02 9.090909090909088386e-02
8.654492157161753907e-01 6.818181818181817677e-02 6.818181818181817677e-02 6.818181818181817677e-02
9.109991744380794287e-01 4.545454545454541417e-02 4.545454545454541417e-02 4.545454545454541417e-02
9.565491331599833558e-01 2.272727272727270709e-02 2.272727272727270709e-02 2.272727272727270709e-02
1.002099091881887283e+00 0.000000000000000000e+00 0.000000000000000000e+00 0.000000000000000000e+00
1.002099091881887283e+00 0.000000000000000000e+00 0.000000000000000000e+00 0.000000000000000000e+00
1.033568725815438905e+00 1.923076923076923184e-02 0.000000000000000000e+00 1.923076923076923184e-02
1.065038359748990526e+00 3.846153846153846367e-02 0.000000000000000000e+00 3.846153846153846367e-02
1.096507993682542148e+00 5.769230769230769551e-02 0.000000000000000000e+00 5.769230769230769551e-02
1.127977627616093770e+00 7.692307692307692735e-02 0.000000000000000000e+00 7.692307692307692735e-02
1.159447261549645392e+00 9.615384615384615918e-02 0.000000000000000000e+00 9.615384615384615918e-02
1.190916895483197013e+00 1.153846153846153910e-01 0.000000000000000000e+00 1.153846153846153910e-01
1.222386529416748635e+00 1.346153846153846367e-01 0.000000000000000000e+00 1.346153846153846367e-01
1.253856163350300257e+00 1.538461538461538547e-01 0.000000000000000000e+00 1.538461538461538547e-01
1.285325797283851657e+00 1.730769230769230727e-01 0.000000000000000000e+00 1.730769230769230727e-01
1.316795431217403278e+00 1.923076923076923184e-01 0.000000000000000000e+00 1.923076923076923184e-01
1.348265065150954900e+00 2.115384615384615641e-01 0.000000000000000000e+00 2.115384615384615641e-01
1.379734699084506522e+00 2.307692307692307820e-01 0.000000000000000000e+00 2.307692307692307820e-01
1.411204333018057921e+00 2.500000000000000000e-01 0.000000000000000000e+00 2.500000000000000000e-01
1.442673966951609543e+00 2.692307692307692735e-01 0.000000000000000000e+00 2.692307692307692735e-01
1.474143600885161165e+00 2.884615384615384914e-01 0.000000000000000000e+00 2.884615384615384914e-01
1.505613234818712565e+00 3.076923076923077094e-01 0.000000000000000000e+00 3.076923076923077094e-01
1.537082868752263964e+00 3.269230769230769273e-01 0.000000000000000000e+00 3.269230769230769273e-01
1.568552502685815364e+00 3.461538461538461453e-01 0.000000000000000000e+00 3.461538461538461453e-01
1.600022136619366986e+00 3.653846153846154188e-01 0.000000000000000000e+00 3.653846153846154188e-01
1.631491770552918608e+00 3.846153846153846367e-01 0.000000000000000000e+00 3.846153846153846367e-01
1.662961404486470007e+00 4.038461538461538547e-01 0.000000000000000000e+00 4.038461538461538547e-01
1.694431038420021629e+00 4.230769230769231282e-01 0.000000000000000000e+00 4.230769230769231282e-01
1.725900672353573251e+00 4.423076923076923461e-01 0.000000000000000000e+00 4.423076923076923461e-01
1.757370306287124651e+00 4.615384615384615641e-01 0.000000000000000000e+00 4.615384615384615641e-01
1.788839940220676050e+00 4.807692307692307820e-01 0.000000000000000000e+00 4.807692307692307820e-01
1.820309574154227450e+00 5.000000000000000000e-01 0.000000000000000000e+00 5.000000000000000000e-01
1.820309574154227450e+00 5.000000000000000000e-01 0.000000000000000000e+00 5.000000000000000000e-01
1.864596515609887595e+00 5.156250000000000000e-01 3.125000000000000000e-02 5.156250000000000000e-01
1.908883457065547962e+00 5.312500000000000000e-01 6.250000000000000000e-02 5.312500000000000000e-01
1.953170398521208107e+00 5.468750000000000000e-01 9.375000000000000000e-02 5.468750000000000000e-01
1.997457339976868473e+00 5.625000000000000000e-01 1.250000000000000000e-01 5.625000000000000000e-01
2.041744281432528840e+00 5.781250000000000000e-01 1.562500000000000000e-01 5.781250000000000000e-01
2.086031222888188985e+00 5.937500000000000000e-01 1.875000000000000000e-01 5.937500000000000000e-01
2.130318164343849130e+00 6.093750000000000000e-01 2.187500000000000000e-01 6.093750000000000000e-01
2.174605105799509275e+00 6.250000000000000000e-01 2.500000000000000000e-01 6.250000000000000000e-01
2.174605105799509275e+00 3.750000000000000000e-01 3.750000000000000000e-01 7.500000000000000000e-01
2.212565341332932256e+00 3.616071428571428492e-01 3.616071428571428492e-01 7.232142857142856984e-01
2.250525576866355237e+00 3.482142857142856984e-01 3.482142857142856984e-01 6.964285714285713969e-01
2.288485812399778219e+00 3.348214285714286031e-01 3.348214285714286031e-01 6.696428571428572063e-01
2.326446047933201200e+00 3.214285714285714524e-01 3.214285714285714524e-01 6.428571428571429047e-01
2.364406283466624181e+00 3.080357142857143016e-01 3.080357142857143016e-01 6.160714285714286031e-01
2.402366519000047163e+00 2.946428571428571508e-01 2.946428571428571508e-01 5.892857142857143016e-01
2.440326754533470144e+00 2.812500000000000000e-01 2.812500000000000000e-01 5.625000000000000000e-01
2.478286990066893125e+00 2.678571428571428492e-01 2.678571428571428492e-01 5.357142857142856984e-01
2.516247225600316106e+00 2.544642857142856984e-01 2.544642857142856984e-01 5.089285714285713969e-01
2.554207461133739088e+00 2.410714285714286031e-01 2.410714285714286031e-01 4.821428571428572063e-01
2.592167696667162069e+00 2.276785714285714246e-01 2.276785714285714246e-01 4.553571428571428492e-01
2.630127932200585050e+00 2.142857142857143016e-01 2.142857142857143016e-01 4.285714285714286031e-01
2.668088167734008032e+00 2.008928571428571508e-01 2.008928571428571508e-01 4.017857142857143016e-01
2.706048403267431013e+00 1.875000000000000000e-01 1.875000000000000000e-01 3.750000000000000000e-01
2.744008638800853994e+00 1.741071428571428492e-01 1.741071428571428492e-01 3.482142857142856984e-01
2.781968874334276975e+00 1.607142857142857262e-01 1.607142857142857262e-01 3.214285714285714524e-01
2.819929109867699957e+00 1.473214285714286031e-01 1.473214285714286031e-01 2.946428571428572063e-01
2.857889345401122938e+00 1.339285714285714524e-01 1.339285714285714524e-01 2.678571428571429047e-01
2.895849580934545919e+00 1.205357142857143016e-01 1.205357142857143016e-01 2.410714285714286031e-01
2.933809816467968901e+00 1.071428571428572063e-01 1.071428571428572063e-01 2.142857142857144126e-01
2.971770052001392326e+00 9.375000000000000000e-02 9.375000000000000000e-02 1.875000000000000000e-01
3.009730287534815307e+00 8.035714285714284921e-02 8.035714285714284921e-02 1.607142857142856984e-01
3.047690523068238289e+00 6.696428571428569843e-02 6.696428571428569843e-02 1.339285714285713969e-01
3.085650758601661270e+00 5.357142857142860315e-02 5.357142857142860315e-02 1.071428571428572063e-01
3.123610994135084251e+00 4.017857142857145236e-02 4.017857142857145236e-02 8.035714285714290472e-02
3.161571229668507232e+00 2.678571428571430157e-02 2.678571428571430157e-02 5.357142857142860315e-02
3.199531465201930214e+00 1.339285714285720630e-02 1.339285714285720630e-02 2.678571428571441260e-02
3.237491700735353639e+00 0.000000000000000000e+00 0.000000000000000000e+00 0.000000000000000000e+00
