# # reduced_coordinates ,energy, weight Sx,Sy,Sz
# 
0.000000000000000000e+00 -6.130655375691301145e+00 1.999990224838256836e+00 1.192092895507812500e-06 1.311302185058593750e-06 8.344650268554687500e-07
0.000000000000000000e+00 -1.984028230301574824e+00 1.123958008975023404e-05 -1.011812855722382665e-11 3.070681486860848963e-10 -3.569766704458743334e-11
0.000000000000000000e+00 2.982009046453854229e+00 1.219181012857006863e-05 1.503508428868371993e-11 8.638778581371298060e-11 9.160316949419211596e-11
0.000000000000000000e+00 5.809100824366543847e+00 1.999966025352478027e+00 -1.184940338134765625e-04 -1.183748245239257812e-04 -1.185536384582519531e-04
0.000000000000000000e+00 5.856924415459976885e+00 3.999934196472167969e+00 1.186728477478027344e-04 1.180171966552734375e-04 1.181960105895996094e-04
0.000000000000000000e+00 6.559514450517088591e+00 1.000826887320727110e-04 3.092281986027956009e-10 6.184563972055912018e-10 3.465174813754856586e-10
0.000000000000000000e+00 8.385845657253419461e+00 1.999966144561767578e+00 2.974271774291992188e-05 2.977252006530761719e-05 2.993643283843994141e-05
0.000000000000000000e+00 8.420797655687874084e+00 3.999926567077636719e+00 -3.004074096679687500e-05 -2.998113632202148438e-05 -3.051757812500000000e-05
0.000000000000000000e+00 9.207943576175543043e+00 1.999999284744262695e+00 -5.722045898437500000e-06 -4.410743713378906250e-06 -4.827976226806640625e-06
0.000000000000000000e+00 1.362817047239024504e+01 3.998959302902221680e+00 -1.668930053710937500e-06 -9.536743164062500000e-07 -5.960464477539062500e-07
0.000000000000000000e+00 1.379281557633136046e+01 1.999987602233886719e+00 3.337860107421875000e-06 3.397464752197265625e-06 3.635883331298828125e-06
0.000000000000000000e+00 1.596559407541405484e+01 6.771536573069170117e-05 1.814782990550156683e-09 1.303067165281390771e-08 -3.369336809555534273e-09
0.000000000000000000e+00 1.692244873352187895e+01 2.851519384421408176e-04 -2.966044121421873569e-08 3.488275979179888964e-08 -5.348920240066945553e-08
0.000000000000000000e+00 1.710587398028645367e+01 1.999943137168884277e+00 3.581777215003967285e-03 1.546829938888549805e-03 2.079291734844446182e-03
0.000000000000000000e+00 1.711651861856770651e+01 3.999879121780395508e+00 -3.578215837478637695e-03 -1.553893089294433594e-03 -2.071589231491088867e-03
0.000000000000000000e+00 1.846039697589237605e+01 1.241519203176721931e-04 4.944892498315311968e-05 -1.631353734410367906e-05 3.263875441916752607e-06
0.000000000000000000e+00 1.846051520233216081e+01 2.020173124037683010e-04 8.978243567980825901e-05 1.611885818419978023e-05 -3.051926569241913967e-06
0.000000000000000000e+00 1.846076325532193962e+01 8.164744212990626693e-05 -2.774560380203183740e-05 -1.390671695844503120e-05 5.687826615030644462e-06
0.000000000000000000e+00 1.846096634711111761e+01 8.343910303665325046e-05 4.342277316027320921e-05 -7.534735573244688567e-07 -2.126927574863657355e-05
0.000000000000000000e+00 1.846155503207714688e+01 5.831676753587089479e-05 -1.264991510652180295e-06 1.244261329702567309e-05 1.443973724235547706e-05
0.000000000000000000e+00 1.846325982047752490e+01 1.188854512292891741e-04 3.332862979732453823e-05 3.749676398001611233e-05 5.596673872787505388e-06
0.000000000000000000e+00 1.846625537453162380e+01 5.525989399757236242e-05 -5.665974185831146315e-06 -5.969801350147463381e-06 -4.137934794812281325e-08
0.000000000000000000e+00 1.846942389877562363e+01 6.546080112457275391e-05 7.483342415071092546e-06 -1.009825950859521981e-06 -1.800136851670686156e-05
1.000000000000000000e+00 -6.103448185458563380e+00 2.000003814697265625e+00 1.013278961181640625e-06 5.364418029785156250e-07 -4.172325134277343750e-07
1.000000000000000000e+00 -2.322819963739948701e+00 3.445902621024288237e-06 2.442845925543224439e-11 2.778222096821991727e-11 -1.459454779251245782e-11
1.000000000000000000e+00 -1.622897693763993843e+00 6.335996204143157229e-06 4.382627594168297946e-11 -8.515144145349040627e-11 4.661160346586257219e-11
1.000000000000000000e+00 2.871709026026932232e+00 3.765208703043754213e-06 -9.492850949754938483e-12 1.688249540165998042e-11 -1.386979420203715563e-11
1.000000000000000000e+00 3.004667566620321306e+00 7.805174391251057386e-06 1.001581040327437222e-10 6.008349373587407172e-11 2.540900823078118265e-11
1.000000000000000000e+00 5.538770677970523693e+00 1.999976396560668945e+00 -2.980232238769531250e-07 -4.172325134277343750e-07 -4.768371582031250000e-07
1.000000000000000000e+00 5.781643205860099499e+00 1.999969124794006348e+00 -7.748603820800781250e-07 -9.536743164062500000e-07 -1.013278961181640625e-06
1.000000000000000000e+00 5.811722087729200403e+00 1.999968290328979492e+00 -1.430511474609375000e-06 -1.370906829833984375e-06 -1.370906829833984375e-06
1.000000000000000000e+00 6.556402201198767266e+00 5.259686440695077181e-05 9.822542779147624969e-11 1.973603502847254276e-10 -9.640643838793039322e-11
1.000000000000000000e+00 6.782271661091535009e+00 3.302810364402830601e-05 -1.041371433530002832e-10 -3.592504072003066540e-11 2.910383045673370361e-11
1.000000000000000000e+00 8.450513777824312456e+00 1.999967813491821289e+00 5.138246342539787292e-05 5.124462768435478210e-05 5.114916712045669556e-05
1.000000000000000000e+00 8.479963297516256659e+00 1.999962687492370605e+00 -5.132530350238084793e-05 -5.107477772980928421e-05 -5.112352664582431316e-05
1.000000000000000000e+00 8.488784963022782293e+00 1.999967575073242188e+00 2.205371856689453125e-06 2.264976501464843750e-06 2.384185791015625000e-06
1.000000000000000000e+00 9.406558163143229123e+00 1.999993920326232910e+00 2.682209014892578125e-06 2.562999725341796875e-06 2.145767211914062500e-06
1.000000000000000000e+00 1.353359515434720528e+01 3.998907327651977539e+00 1.370906829833984375e-06 2.026557922363281250e-06 1.788139343261718750e-06
1.000000000000000000e+00 1.391273400189519194e+01 1.999997854232788086e+00 1.013278961181640625e-06 8.344650268554687500e-07 4.768371582031250000e-07
1.000000000000000000e+00 1.558989969385000052e+01 3.763036147574894130e-05 -4.094999894732609391e-10 1.849684849730692804e-09 -2.064552973024547100e-10
1.000000000000000000e+00 1.565061017058354054e+01 3.531668335199356079e-05 1.823536877054721117e-10 8.743654689169488847e-10 1.773514668457210064e-10
1.000000000000000000e+00 1.685797273109442784e+01 1.145891365013085306e-04 -1.095258994610048831e-09 -3.123606262533940026e-09 1.252010406460613012e-08
1.000000000000000000e+00 1.689761355134082166e+01 1.502364466432482004e-04 3.297827788628637791e-08 3.454942998359911144e-08 9.365521691506728530e-09
1.000000000000000000e+00 1.700413118467702134e+01 1.999945282936096191e+00 -1.907348632812500000e-06 9.834766387939453125e-07 5.602836608886718750e-06
1.000000000000000000e+00 1.729530932434968804e+01 1.999928832054138184e+00 8.439928293228149414e-03 1.976281404495239258e-03 -1.050949096679687500e-02
1.000000000000000000e+00 1.730217959350459012e+01 1.999909877777099609e+00 -8.402705192565917969e-03 -1.935184001922607422e-03 1.047828793525695801e-02
1.000000000000000000e+00 1.822690301779645239e+01 1.152559416368603706e-04 5.881467950530350208e-05 3.177081816829741001e-05 1.455225174140650779e-05
1.000000000000000000e+00 1.822761504390799558e+01 5.106257594889029860e-05 9.661919648351613432e-06 -8.957384125096723437e-06 1.006090997179853730e-06
1.000000000000000000e+00 1.822998909037205806e+01 7.677817484363913536e-05 -3.425559043535031378e-05 3.272936010034754872e-05 -1.153423727373592556e-05
1.000000000000000000e+00 1.823581067339689099e+01 4.839906978304497898e-05 -2.145832331734709442e-05 -2.297217179147992283e-05 7.650906809431035072e-06
1.000000000000000000e+00 1.824390402305315462e+01 4.955553959007374942e-05 -1.744066139508504421e-05 -3.763799213629681617e-06 -3.593856717998278327e-06
1.000000000000000000e+00 1.873132857146482166e+01 7.195436865004012361e-06 4.380557129479711875e-06 -1.390503143738897052e-06 9.273973944345925702e-08
1.000000000000000000e+00 1.874009268884866586e+01 1.427928782504750416e-05 3.689539198603597470e-06 -1.817964857764309272e-06 1.228641031048027799e-05
2.000000000000000000e+00 -6.022263833045837345e+00 2.000005006790161133e+00 -8.940696716308593750e-07 -9.536743164062500000e-07 -1.847743988037109375e-06
2.000000000000000000e+00 -2.630148625122399775e+00 7.644317179256177042e-07 3.604228027143108193e-12 4.671818487622658722e-13 -3.572253604033903684e-12
2.000000000000000000e+00 -1.256539316251109817e+00 1.798955736376228742e-06 5.178435458219610155e-11 -6.292566467891447246e-11 -2.430056156299542636e-12
2.000000000000000000e+00 2.611618227681475446e+00 1.091687749976699706e-06 9.507061804470140487e-12 1.486455403210129589e-11 -1.102762325899675488e-11
2.000000000000000000e+00 3.072142996919067226e+00 7.018051746854325756e-06 7.480949193450214807e-11 2.881250793507206254e-11 3.340971943543991074e-11
2.000000000000000000e+00 4.853024845009485055e+00 1.999996066093444824e+00 2.026557922363281250e-06 2.384185791015625000e-06 2.264976501464843750e-06
2.000000000000000000e+00 5.657947115817496098e+00 1.999987840652465820e+00 1.549720764160156250e-06 1.549720764160156250e-06 1.668930053710937500e-06
2.000000000000000000e+00 5.689163445475788450e+00 1.999990224838256836e+00 1.132488250732421875e-06 1.132488250732421875e-06 9.536743164062500000e-07
2.000000000000000000e+00 6.640009951474628025e+00 1.736116064421366900e-05 1.081161826732568443e-10 6.934897101018577814e-11 -6.195932655828073621e-12
2.000000000000000000e+00 7.293932418923510852e+00 2.803843381116166711e-05 1.327862264588475227e-10 8.276401786133646965e-11 7.275957614183425903e-12
2.000000000000000000e+00 8.439620910040378732e+00 1.999994397163391113e+00 2.801418304443359375e-06 2.801418304443359375e-06 2.622604370117187500e-06
2.000000000000000000e+00 8.646335194055936313e+00 1.999991655349731445e+00 5.960464477539062500e-08 0.000000000000000000e+00 -1.788139343261718750e-07
2.000000000000000000e+00 8.669455189366415127e+00 1.999993085861206055e+00 4.768371582031250000e-07 5.364418029785156250e-07 7.152557373046875000e-07
2.000000000000000000e+00 9.987906015833740270e+00 2.000000953674316406e+00 -1.430511474609375000e-06 -1.430511474609375000e-06 -8.940696716308593750e-07
2.000000000000000000e+00 1.331314213830684778e+01 1.999880671501159668e+00 -4.264712333679199219e-04 1.206994056701660156e-04 3.080964088439941406e-04
2.000000000000000000e+00 1.331335534225373962e+01 1.999881505966186523e+00 4.273876547813415527e-04 -1.198574900627136230e-04 -3.073289990425109863e-04
2.000000000000000000e+00 1.424604914465286853e+01 2.000000476837158203e+00 5.960464477539062500e-08 -5.960464477539062500e-08 3.576278686523437500e-07
2.000000000000000000e+00 1.479737607606357663e+01 5.361747753340750933e-05 1.791704562492668629e-09 1.979742592084221542e-09 6.269601726671680808e-09
2.000000000000000000e+00 1.489796097710222966e+01 2.620492705318611115e-05 5.083826692953152815e-10 3.998223974122083746e-11 1.579550712449417915e-09
2.000000000000000000e+00 1.674237404915838567e+01 1.170752383768558502e-02 -5.923450924456119537e-03 -1.166963251307606697e-03 -2.600946230813860893e-03
2.000000000000000000e+00 1.674346897734807627e+01 1.987872123718261719e+00 -1.161915063858032227e-02 -1.567465066909790039e-02 3.133118152618408203e-03
2.000000000000000000e+00 1.681026940997196562e+01 6.047278657206334174e-05 2.400338416919112206e-07 -9.949872037395834923e-09 -9.113819032791070640e-09
2.000000000000000000e+00 1.778607960728786708e+01 1.999764442443847656e+00 2.545429766178131104e-02 -2.849039435386657715e-02 3.411069512367248535e-03
2.000000000000000000e+00 1.779276655887375114e+01 1.999628067016601562e+00 -2.544477581977844238e-02 2.830606698989868164e-02 -3.484040498733520508e-03
2.000000000000000000e+00 1.821898179981952381e+01 2.038933162111788988e-04 1.121699897339567542e-04 -2.336028046556748450e-05 5.208485526964068413e-05
2.000000000000000000e+00 1.821957703119745986e+01 1.248343323823064566e-04 -4.537159475148655474e-05 -2.356783988943789154e-05 -6.268369179451838136e-05
2.000000000000000000e+00 1.822286025369502127e+01 2.411846071481704712e-05 1.394628270645625889e-05 -6.862504505988908932e-06 1.661886813053570222e-06
2.000000000000000000e+00 1.822620069137955312e+01 8.576831896789371967e-05 -6.783408753108233213e-05 3.371859929757192731e-05 -1.440352662029908970e-05
2.000000000000000000e+00 1.823676403589990613e+01 5.497075835592113435e-05 -2.999412060944450786e-07 3.870962245855480433e-05 1.944064752024132758e-05
2.000000000000000000e+00 1.872408567959433512e+01 2.230371592304436490e-06 -1.278458512388169765e-06 3.235643646348762559e-07 5.385403412105915777e-08
2.000000000000000000e+00 1.872429742199317104e+01 2.343208279853570275e-06 1.357994733552914113e-06 -2.410045567557972390e-07 -1.384563347528455779e-06
3.000000000000000000e+00 -5.887861693125994833e+00 2.000001668930053711e+00 4.172325134277343750e-07 2.980232238769531250e-07 3.576278686523437500e-07
3.000000000000000000e+00 -2.901364480099361653e+00 2.386360051787050907e-07 -9.105605158765683882e-12 9.055867167262476869e-12 1.544364636174577754e-11
3.000000000000000000e+00 -9.167892681086048379e-01 2.168145556424860843e-06 -8.924416761146858335e-12 -6.025402399245649576e-12 1.332978172285947949e-11
3.000000000000000000e+00 2.334517392118884871e+00 7.975629046086396556e-07 -7.890577080615912564e-12 -8.693490372024825774e-12 1.006128513836301863e-11
3.000000000000000000e+00 3.183272655762579006e+00 8.666676876600831747e-06 1.750777300912886858e-11 -2.273736754432320595e-11 2.023625711444765329e-11
3.000000000000000000e+00 4.027665625278223693e+00 1.999994516372680664e+00 8.940696716308593750e-07 9.536743164062500000e-07 1.430511474609375000e-06
3.000000000000000000e+00 5.492822234856934216e+00 1.999989271163940430e+00 -7.748603820800781250e-07 -6.556510925292968750e-07 -5.364418029785156250e-07
3.000000000000000000e+00 5.524029885010980578e+00 1.999985218048095703e+00 2.980232238769531250e-07 3.576278686523437500e-07 2.980232238769531250e-07
3.000000000000000000e+00 6.785021398021186201e+00 1.385464474878972396e-05 4.843059286940842867e-11 8.640199666842818260e-11 8.640199666842818260e-12
3.000000000000000000e+00 8.011609738029855876e+00 3.239541547372937202e-05 4.092726157978177071e-12 -4.456524038687348366e-11 -5.729816621169447899e-11
3.000000000000000000e+00 8.308893385185214697e+00 1.999994039535522461e+00 2.086162567138671875e-06 2.622604370117187500e-06 2.026557922363281250e-06
3.000000000000000000e+00 8.885633868822626624e+00 1.999989151954650879e+00 -2.264976501464843750e-06 -2.086162567138671875e-06 -2.264976501464843750e-06
3.000000000000000000e+00 8.909508619929429329e+00 1.999989032745361328e+00 -2.980232238769531250e-08 -8.940696716308593750e-08 1.192092895507812500e-07
3.000000000000000000e+00 1.075576387263761546e+01 1.999998450279235840e+00 1.668930053710937500e-06 1.728534698486328125e-06 1.907348632812500000e-06
3.000000000000000000e+00 1.308420935068830460e+01 1.999826431274414062e+00 1.193284988403320312e-04 -6.365776062011718750e-05 -5.537271499633789062e-05
3.000000000000000000e+00 1.308457179369095513e+01 1.999826908111572266e+00 -1.191496849060058594e-04 6.377696990966796875e-05 5.555152893066406250e-05
3.000000000000000000e+00 1.391035239376306798e+01 6.136102456366643310e-05 2.332569692953256890e-10 2.132765075657516718e-10 -5.229594535194337368e-11
3.000000000000000000e+00 1.398381658364390923e+01 3.077238943660631776e-05 -8.526512829121202230e-11 7.048583938740193844e-11 1.864464138634502888e-11
3.000000000000000000e+00 1.469224402211402847e+01 1.999999523162841797e+00 1.430511474609375000e-06 7.152557373046875000e-07 1.311302185058593750e-06
3.000000000000000000e+00 1.650812375967493395e+01 1.999978542327880859e+00 1.966953277587890625e-06 2.384185791015625000e-06 2.145767211914062500e-06
3.000000000000000000e+00 1.660826989698170664e+01 1.340485869150143117e-05 1.223094443503214279e-07 1.022307145603917888e-07 -1.700569782769889571e-07
3.000000000000000000e+00 1.668678363797712549e+01 6.248583667911589146e-05 -2.378033059358131140e-08 -1.361781869491096586e-07 6.459640644607134163e-08
3.000000000000000000e+00 1.824519556486715288e+01 7.180553802754729986e-05 -2.150255022570490837e-05 -2.979099917865823954e-06 -1.397024698235327378e-05
3.000000000000000000e+00 1.824592755226220220e+01 3.214761964045464993e-04 -2.092656941385939717e-04 1.185335786431096494e-04 2.807774399116169661e-05
3.000000000000000000e+00 1.824858288891961777e+01 1.361513743177056313e-03 -4.096134507562965155e-04 1.812092814361676574e-04 1.990225136978551745e-04
3.000000000000000000e+00 1.825104294086380108e+01 1.958232372999191284e-03 1.121559296734631062e-03 -4.932618467137217522e-04 -2.579095598775893450e-04
3.000000000000000000e+00 1.825238108989793062e+01 4.918691702187061310e-03 1.750988536514341831e-03 -1.772353425621986389e-03 -1.043430180288851261e-03
3.000000000000000000e+00 1.848201206977501698e+01 9.973785877227783203e-01 2.670204937458038330e-01 7.963075488805770874e-02 -1.430304050445556641e-01
3.000000000000000000e+00 1.848569301300934953e+01 9.878883957862854004e-01 -3.290589153766632080e-02 -5.754356384277343750e-01 -5.563881993293762207e-01
3.000000000000000000e+00 1.848964767790167230e+01 9.846482276916503906e-01 5.763099789619445801e-01 2.617396600544452667e-02 5.136274099349975586e-01
3.000000000000000000e+00 1.851256084094937293e+01 8.842741250991821289e-01 -6.451324224472045898e-01 3.940381407737731934e-01 1.527131050825119019e-01
3.000000000000000000e+00 1.875599491615928471e+01 1.190605507872533053e-05 -4.663535264626261778e-07 -7.977964173733198550e-07 2.547306849010055885e-06
4.000000000000000000e+00 -5.701575363035416899e+00 2.000004768371582031e+00 2.324581146240234375e-06 3.039836883544921875e-06 3.039836883544921875e-06
4.000000000000000000e+00 -3.134200309044544497e+00 7.368941510321747046e-07 1.938360583153553307e-11 -8.100187187665142119e-13 -3.642952606242033653e-11
4.000000000000000000e+00 -6.589595973325774736e-01 3.284887498011812568e-06 -5.954348125669639558e-11 4.226308192301075906e-11 -2.187050540669588372e-11
4.000000000000000000e+00 2.163917263624901111e+00 3.520252903399523348e-06 2.904698703787289560e-11 1.870148480520583689e-11 -2.000888343900442123e-11
4.000000000000000000e+00 3.170086325544331451e+00 1.999998569488525391e+00 -7.152557373046875000e-07 -4.768371582031250000e-07 -1.072883605957031250e-06
4.000000000000000000e+00 3.335271791190550061e+00 6.923573891981504858e-06 2.415845301584340632e-12 7.622702469234354794e-11 -6.386358109011780471e-11
4.000000000000000000e+00 5.314006288796266020e+00 1.999992370605468750e+00 -1.013278961181640625e-06 -1.013278961181640625e-06 -1.132488250732421875e-06
4.000000000000000000e+00 5.345149461308668748e+00 1.999994277954101562e+00 -1.609325408935546875e-06 -1.609325408935546875e-06 -1.549720764160156250e-06
4.000000000000000000e+00 6.984500367412910471e+00 1.616753070265986025e-05 -8.208189683500677347e-11 -1.932676241267472506e-11 -6.752998160663992167e-11
4.000000000000000000e+00 8.137428566403386299e+00 1.999996542930603027e+00 8.940696716308593750e-07 9.536743164062500000e-07 8.344650268554687500e-07
4.000000000000000000e+00 8.864925295490497348e+00 4.538527718978002667e-05 -5.002220859751105309e-12 9.322320693172514439e-11 1.996340870391577482e-10
4.000000000000000000e+00 9.121573866338106740e+00 1.999981522560119629e+00 1.192092895507812500e-07 2.980232238769531250e-07 3.576278686523437500e-07
4.000000000000000000e+00 9.145274609658557097e+00 1.999989628791809082e+00 1.728534698486328125e-06 1.251697540283203125e-06 1.311302185058593750e-06
4.000000000000000000e+00 1.157109734876931917e+01 1.999990224838256836e+00 -2.026557922363281250e-06 -1.430511474609375000e-06 -1.490116119384765625e-06
4.000000000000000000e+00 1.294829356791696995e+01 1.999822378158569336e+00 -4.621148109436035156e-04 8.187890052795410156e-04 -3.570914268493652344e-04
4.000000000000000000e+00 1.294910845963870472e+01 1.999824404716491699e+00 4.625320434570312500e-04 -8.183717727661132812e-04 3.575682640075683594e-04
4.000000000000000000e+00 1.301933631111628920e+01 6.267518983804620802e-06 1.172253405457013287e-09 7.714895389199227793e-10 8.439542398264165968e-10
4.000000000000000000e+00 1.302806876548901016e+01 8.056283149926457554e-06 -1.757371137500740588e-09 -6.854747880424838513e-10 -1.526984760857885703e-09
4.000000000000000000e+00 1.498300044764819816e+01 1.999995946884155273e+00 3.159046173095703125e-06 2.920627593994140625e-06 2.682209014892578125e-06
4.000000000000000000e+00 1.644675679628292997e+01 2.838338150468189269e-05 1.734688339638523757e-07 2.669869729743368225e-07 -2.752835825958754867e-07
4.000000000000000000e+00 1.657046308666188494e+01 1.124895716202445328e-04 9.233986020262818784e-08 -2.548669044699636288e-07 -4.222001734888181090e-07
4.000000000000000000e+00 1.660781408005075832e+01 1.999984622001647949e+00 3.337860107421875000e-06 3.576278686523437500e-06 3.695487976074218750e-06
4.000000000000000000e+00 1.822703690980015878e+01 2.479643080732785165e-05 -2.684654873519320972e-06 5.948150828771758825e-06 -9.135272193816490471e-06
4.000000000000000000e+00 1.822738335183072422e+01 2.727473329287022352e-04 -4.203072967357002199e-05 -1.422512432327494025e-04 5.915802103118039668e-05
4.000000000000000000e+00 1.822767522181242583e+01 4.726856132037937641e-04 3.950202517444267869e-05 -1.727945782477036119e-04 -7.919593917904421687e-05
4.000000000000000000e+00 1.822820575964651368e+01 7.901790086179971695e-04 1.026033060043118894e-04 1.693630110821686685e-05 8.043355046538636088e-05
4.000000000000000000e+00 1.876941786379643773e+01 1.760217674018349499e-05 2.297279252161388285e-06 -1.552716457808855921e-05 4.210931365378201008e-06
4.000000000000000000e+00 1.876975544527620698e+01 3.700304077938199043e-04 1.818106247810646892e-04 -2.216033317381516099e-04 -1.518568897154182196e-04
4.000000000000000000e+00 1.877041185924466760e+01 1.473673735745251179e-03 9.459423599764704704e-04 3.684784751385450363e-04 5.678996676579117775e-04
4.000000000000000000e+00 1.877902118839475065e+01 1.673674397170543671e-02 -8.851454593241214752e-03 9.671221487224102020e-03 5.550287896767258644e-04
4.000000000000000000e+00 1.878557904770075737e+01 2.852132730185985565e-02 -6.795684807002544403e-03 1.893086358904838562e-02 5.954180844128131866e-03
4.000000000000000000e+00 1.884915517521277195e+01 1.418699771165847778e-01 -6.446017324924468994e-02 -3.610920161008834839e-03 -4.402519762516021729e-02
5.000000000000000000e+00 -5.465796663659376442e+00 2.000000476837158203e+00 1.609325408935546875e-06 1.013278961181640625e-06 7.748603820800781250e-07
5.000000000000000000e+00 -3.328349784030452341e+00 1.080269839803804643e-06 2.660272002685815096e-11 -1.976019348148838617e-11 2.218314421043032780e-11
5.000000000000000000e+00 -5.452904571311423254e-01 3.606900918384781107e-06 9.038103598868474364e-12 3.470290721452329308e-11 5.655920176650397480e-12
5.000000000000000000e+00 2.196264900479480975e+00 9.213593330059666187e-06 2.000888343900442123e-11 -1.705302565824240446e-12 1.796252036001533270e-11
5.000000000000000000e+00 2.321499149304328213e+00 1.999999046325683594e+00 2.205371856689453125e-06 3.337860107421875000e-06 2.384185791015625000e-06
5.000000000000000000e+00 3.524173486293828983e+00 1.181964489660458639e-05 7.821654435247182846e-11 3.137756721116602421e-11 -3.615241439547389746e-11
5.000000000000000000e+00 5.141967306118552017e+00 1.999993085861206055e+00 -3.576278686523437500e-07 -2.980232238769531250e-07 -3.576278686523437500e-07
5.000000000000000000e+00 5.173108822922565686e+00 1.999993681907653809e+00 -4.768371582031250000e-07 -4.172325134277343750e-07 -4.768371582031250000e-07
5.000000000000000000e+00 7.231809149852042928e+00 3.269491207902319729e-05 -7.639755494892597198e-11 -6.139089236967265606e-11 1.880380295915529132e-10
5.000000000000000000e+00 7.962092017552862444e+00 1.999995231628417969e+00 -7.152557373046875000e-07 -6.556510925292968750e-07 -1.072883605957031250e-06
5.000000000000000000e+00 9.293958544148807732e+00 1.999975919723510742e+00 -3.457069396972656250e-06 -3.755092620849609375e-06 -3.695487976074218750e-06
5.000000000000000000e+00 9.316554263478476372e+00 1.999977707862854004e+00 1.251697540283203125e-06 1.609325408935546875e-06 1.549720764160156250e-06
5.000000000000000000e+00 9.810369219105190552e+00 7.643992285011336207e-05 2.719389158301055431e-10 -3.819877747446298599e-10 -5.093170329928398132e-11
5.000000000000000000e+00 1.206548682017792906e+01 8.448871994914952666e-06 6.232880878087598830e-11 2.289652911713346839e-10 2.303011115145636722e-10
5.000000000000000000e+00 1.218095659744593462e+01 2.846645475074183196e-05 -6.333493729471229017e-10 -5.974243322270922363e-10 -3.412878868402913213e-10
5.000000000000000000e+00 1.238148495672352922e+01 1.999993205070495605e+00 -1.788139343261718750e-07 -3.576278686523437500e-07 -1.788139343261718750e-07
5.000000000000000000e+00 1.297845767756334823e+01 1.999759674072265625e+00 -2.324581146240234375e-06 -3.218650817871093750e-06 -2.801418304443359375e-06
5.000000000000000000e+00 1.298038512929702648e+01 1.999759912490844727e+00 -4.768371582031250000e-07 5.960464477539062500e-07 1.192092895507812500e-07
5.000000000000000000e+00 1.492373254374011182e+01 1.999987840652465820e+00 -2.562999725341796875e-06 -2.980232238769531250e-06 -3.039836883544921875e-06
5.000000000000000000e+00 1.622648386477599303e+01 4.986287967767566442e-05 -4.280536813894286752e-09 1.055889242707053199e-08 1.317948772339150310e-08
5.000000000000000000e+00 1.648067432479963301e+01 1.163974739029072225e-04 3.359673428349196911e-09 1.053308551490772516e-08 9.513314580544829369e-10
5.000000000000000000e+00 1.725442284467397158e+01 1.999989509582519531e+00 5.364418029785156250e-06 6.258487701416015625e-06 -1.266598701477050781e-06
5.000000000000000000e+00 1.814238490992658015e+01 9.389629121869802475e-05 -3.844138518616091460e-06 2.046335066552273929e-05 -2.345013854210264981e-06
5.000000000000000000e+00 1.814254370910113678e+01 1.641807648411486298e-05 -1.432331259820784908e-06 -1.136458922701422125e-05 2.783540139716933481e-06
5.000000000000000000e+00 1.814313313234270453e+01 4.620169056579470634e-05 2.459672032273374498e-05 -2.330457391508389264e-05 2.595894875412341207e-05
5.000000000000000000e+00 1.814420430551161445e+01 7.151001773308962584e-05 -1.344930024060886353e-05 3.701249806908890605e-05 -1.106778745452174917e-05
5.000000000000000000e+00 1.871416451847010620e+01 3.045693665626458824e-05 1.588676968822255731e-05 1.847811472543980926e-05 1.076043554348871112e-05
5.000000000000000000e+00 1.871502342795037066e+01 5.020900789531879127e-05 4.731452463602181524e-06 -6.024875801813323051e-06 4.174672994849970564e-06
5.000000000000000000e+00 1.871597503436993648e+01 8.800937212072312832e-05 -4.398639430291950703e-05 -3.206994369975291193e-05 -3.082359398831613362e-05
5.000000000000000000e+00 1.872054545668229508e+01 8.316907042171806097e-05 -3.689663117256714031e-06 3.691700840136036277e-05 -5.439715459942817688e-05
5.000000000000000000e+00 1.873115759857545015e+01 1.582325348863378167e-04 -1.029290651786141098e-04 7.346262123064661864e-07 8.026835712371394038e-05
5.000000000000000000e+00 1.874139079086948811e+01 3.874561225529760122e-04 2.146800106856971979e-04 -2.139346179319545627e-04 1.722346678434405476e-05
6.000000000000000000e+00 -5.184802089234323397e+00 1.999995231628417969e+00 1.549720764160156250e-06 6.556510925292968750e-07 -1.192092895507812500e-07
6.000000000000000000e+00 -3.484872379031333622e+00 1.866070533651509322e-06 -2.899014361901208758e-12 4.632738637155853212e-12 5.412914561020443216e-11
6.000000000000000000e+00 -5.857025637682955477e-01 1.766519289958523586e-06 -3.259970071667339653e-11 -1.719513420539442450e-12 -4.774847184307873249e-12
6.000000000000000000e+00 1.505991169718138956e+00 1.999999642372131348e+00 2.443790435791015625e-06 2.503395080566406250e-06 2.682209014892578125e-06
6.000000000000000000e+00 2.456850219284282488e+00 4.908361916022840887e-06 -1.446665010007563978e-11 -1.173816599475685507e-11 1.301714291912503541e-11
6.000000000000000000e+00 3.742402356380162942e+00 1.073228486347943544e-05 -1.898570189950987697e-11 7.634071153006516397e-11 8.662937034387141466e-11
6.000000000000000000e+00 4.988167115644860594e+00 1.999991536140441895e+00 1.788139343261718750e-06 1.549720764160156250e-06 1.668930053710937500e-06
6.000000000000000000e+00 5.019365662422789143e+00 1.999994039535522461e+00 1.370906829833984375e-06 1.668930053710937500e-06 1.549720764160156250e-06
6.000000000000000000e+00 7.513878170191578221e+00 1.712750599835999310e-05 4.615685611497610807e-11 3.228706191293895245e-11 -6.639311322942376137e-11
6.000000000000000000e+00 7.796263483507718917e+00 1.999999761581420898e+00 2.682209014892578125e-06 3.397464752197265625e-06 3.576278686523437500e-06
6.000000000000000000e+00 9.371868715747224243e+00 1.999976396560668945e+00 2.145767211914062500e-06 1.847743988037109375e-06 2.622604370117187500e-06
6.000000000000000000e+00 9.392566072664934040e+00 1.999971389770507812e+00 3.576278686523437500e-07 7.152557373046875000e-07 -1.788139343261718750e-07
6.000000000000000000e+00 1.077048131603199010e+01 5.840745507157407701e-05 8.853930921759456396e-10 -6.111804395914077759e-10 -3.637978807091712952e-12
6.000000000000000000e+00 1.118794057606542935e+01 1.239274843101156875e-05 1.612647793081123382e-10 1.057287590811029077e-10 1.807620719773694873e-11
6.000000000000000000e+00 1.139767024975210852e+01 3.992884012404829264e-05 -4.956746124662458897e-11 6.457412382587790489e-11 -4.433786671143025160e-10
6.000000000000000000e+00 1.312523008506350664e+01 1.999996423721313477e+00 -1.728534698486328125e-06 -1.490116119384765625e-06 -1.609325408935546875e-06
6.000000000000000000e+00 1.322597604536401050e+01 1.999883055686950684e+00 -3.039836883544921875e-06 1.251697540283203125e-06 -3.218650817871093750e-06
6.000000000000000000e+00 1.322960497300374705e+01 1.999886035919189453e+00 -5.960464477539062500e-07 -4.649162292480468750e-06 -1.192092895507812500e-07
6.000000000000000000e+00 1.477110724375231143e+01 1.999997496604919434e+00 4.172325134277343750e-07 1.788139343261718750e-07 5.960464477539062500e-07
6.000000000000000000e+00 1.590323006617044577e+01 2.790908547467552125e-05 -9.563336789142340422e-10 -1.632145085750380531e-09 -8.694655662111472338e-09
6.000000000000000000e+00 1.641872319343968911e+01 9.861388389253988862e-05 -8.524239092366769910e-09 -8.129745765472762287e-09 -4.076810000697150826e-10
6.000000000000000000e+00 1.799154597762952790e+01 4.628043825505301356e-05 1.756869096425361931e-06 2.590186795714544132e-06 1.991779936361126602e-05
6.000000000000000000e+00 1.799170860638284353e+01 2.801681876007933170e-05 -7.703046321694273502e-06 2.576748329374822788e-06 -1.310531388298841193e-05
6.000000000000000000e+00 1.799208463053508567e+01 5.136540494277141988e-05 -2.366638909734319896e-06 -3.191064024576917291e-05 -4.467412509256973863e-06
6.000000000000000000e+00 1.799239710055328345e+01 8.144113962771371007e-05 -2.638165824464522302e-05 3.765002111322246492e-05 4.796709617949090898e-06
6.000000000000000000e+00 1.799356286391029869e+01 8.902507397579029202e-05 3.855172326439060271e-05 -1.168311791843734682e-05 -3.700118031702004373e-05
6.000000000000000000e+00 1.818783057110190171e+01 9.991637468338012695e-01 8.905872106552124023e-01 4.114232957363128662e-01 1.872027367353439331e-01
6.000000000000000000e+00 1.818932191073779947e+01 9.956656694412231445e-01 -8.837383985519409180e-01 -4.079768359661102295e-01 -1.853019744157791138e-01
6.000000000000000000e+00 1.829970942062849915e+01 1.319682905887020752e-05 7.473253845091676340e-06 6.595009381271665916e-06 4.728962267108727247e-06
6.000000000000000000e+00 1.830004986504271969e+01 2.060906808765139431e-05 7.562220162071753293e-06 -6.240997663553571329e-06 -1.092305865313392133e-05
6.000000000000000000e+00 1.830175612768746873e+01 2.823795948643237352e-04 -1.968604046851396561e-04 4.849401739193126559e-05 -1.052976513165049255e-04
6.000000000000000000e+00 1.830419290692601919e+01 4.013723228126764297e-04 -1.119958178605884314e-04 -7.123602699721232057e-05 -1.301649026572704315e-04
6.000000000000000000e+00 1.830677586162557802e+01 1.459680643165484071e-04 -3.901205127476714551e-05 -3.632887091953307390e-05 1.243537990376353264e-04
6.000000000000000000e+00 1.831084305692574432e+01 4.239769768901169300e-04 1.307606871705502272e-04 2.381906233495101333e-05 6.448183739848900586e-06
7.000000000000000000e+00 -4.865902777532383539e+00 2.000002145767211914e+00 2.384185791015625000e-07 0.000000000000000000e+00 -1.192092895507812500e-07
7.000000000000000000e+00 -3.605917155517255335e+00 2.073290261250804178e-06 3.758771072170929983e-11 -1.435296326235402375e-12 -9.180212146020494401e-12
7.000000000000000000e+00 -7.200800384221377470e-01 2.987112111441092566e-06 5.684341886080801487e-12 -9.663381206337362528e-13 4.467892722459509969e-11
7.000000000000000000e+00 7.408747572343044041e-01 2.000002622604370117e+00 1.251697540283203125e-06 2.026557922363281250e-06 2.622604370117187500e-06
7.000000000000000000e+00 2.889717141809533540e+00 8.046005859796423465e-06 -2.927436071331612766e-12 -3.257127900724299252e-11 6.619416126341093332e-11
7.000000000000000000e+00 3.979031687679762452e+00 1.227358643518527970e-05 2.728484105318784714e-12 7.059952622512355447e-11 1.012949724099598825e-10
7.000000000000000000e+00 4.858280200153715533e+00 1.999984502792358398e+00 -1.430511474609375000e-06 -1.013278961181640625e-06 -1.311302185058593750e-06
7.000000000000000000e+00 4.889571334165505156e+00 1.999990582466125488e+00 1.192092895507812500e-06 7.152557373046875000e-07 9.536743164062500000e-07
7.000000000000000000e+00 7.652923331636408477e+00 1.999995470046997070e+00 3.159046173095703125e-06 2.980232238769531250e-06 3.039836883544921875e-06
7.000000000000000000e+00 7.803775353607027121e+00 3.967950033256784081e-05 1.000444171950221062e-10 7.344169716816395521e-11 1.186890585813671350e-10
7.000000000000000000e+00 9.366913667190296167e+00 1.999964237213134766e+00 1.847743988037109375e-06 1.549720764160156250e-06 2.324581146240234375e-06
7.000000000000000000e+00 9.385533848344646657e+00 1.999961614608764648e+00 1.728534698486328125e-06 2.026557922363281250e-06 1.251697540283203125e-06
7.000000000000000000e+00 1.023129616427689825e+01 1.174390035885153338e-05 7.935341272968798876e-11 -1.143689587479457259e-10 6.139089236967265606e-12
7.000000000000000000e+00 1.069215954566085003e+01 4.721790901385247707e-05 4.871480996371246874e-11 -2.768274498521350324e-11 2.357580797252012417e-10
7.000000000000000000e+00 1.192346601477761148e+01 4.663709114538505673e-05 1.869011612143367529e-10 8.412825991399586201e-11 -5.572928785113617778e-10
7.000000000000000000e+00 1.363901100520365439e+01 1.999999403953552246e+00 6.854534149169921875e-06 8.642673492431640625e-06 7.688999176025390625e-06
7.000000000000000000e+00 1.368208996896549401e+01 1.999900341033935547e+00 -1.919269561767578125e-05 2.741813659667968750e-06 -1.037120819091796875e-05
7.000000000000000000e+00 1.368739245697019591e+01 1.999899864196777344e+00 1.025199890136718750e-05 -1.287460327148437500e-05 5.364418029785156250e-07
7.000000000000000000e+00 1.484195778065206284e+01 1.999988079071044922e+00 1.370906829833984375e-06 1.847743988037109375e-06 1.370906829833984375e-06
7.000000000000000000e+00 1.545507501270180661e+01 3.392259532120078802e-05 3.237573764636181295e-09 -1.080093170457985252e-08 6.036316335666924715e-09
7.000000000000000000e+00 1.638866552795613174e+01 8.808713755570352077e-05 1.451044226996600628e-07 3.950026439270004630e-07 2.810470505210105330e-07
7.000000000000000000e+00 1.776823181274896513e+01 5.795824108645319939e-05 6.141549420135561377e-07 -9.537488040223252028e-06 -1.575612259330227971e-06
7.000000000000000000e+00 1.776856419138839271e+01 4.231612547300755978e-05 1.171942676592152566e-05 1.377325861540157348e-05 3.589368134271353483e-05
7.000000000000000000e+00 1.776972233754050379e+01 2.522249633329920471e-05 8.076109224930405617e-06 1.393917045788839459e-05 -7.858702701923903078e-06
7.000000000000000000e+00 1.777087467286021294e+01 5.358883208828046918e-05 -3.259531513322144747e-05 -2.247832162538543344e-05 -2.657934783201199025e-05
7.000000000000000000e+00 1.780064095219951525e+01 3.872327215503901243e-05 1.232070553669473156e-05 2.153633613488636911e-05 6.772711913072271273e-06
7.000000000000000000e+00 1.780138009800121779e+01 6.496327841887250543e-05 -1.964277907973155379e-05 5.227774181548738852e-06 2.137330193363595754e-05
7.000000000000000000e+00 1.780315451843777197e+01 4.226505916449241340e-05 -1.314049768552649766e-05 5.493453045346541330e-06 -1.717110899335239083e-05
7.000000000000000000e+00 1.780705091902096271e+01 3.838934353552758694e-04 1.125344283536833245e-06 -2.776504843495786190e-04 -4.956636985298246145e-05
7.000000000000000000e+00 1.860634335061428857e+01 2.608985232654958963e-04 2.169021172448992729e-05 -7.496734906453639269e-05 1.048751801135949790e-05
7.000000000000000000e+00 1.860690231185241217e+01 1.204063999466598034e-03 -6.188896368257701397e-04 -3.324706631246954203e-04 6.745689897798001766e-04
8.000000000000000000e+00 -4.523264301856941394e+00 1.999999403953552246e+00 1.966953277587890625e-06 2.562999725341796875e-06 7.152557373046875000e-07
8.000000000000000000e+00 -3.694214890343953783e+00 1.832519728850456886e-06 1.119815351557917893e-11 -9.748646334628574550e-12 1.136868377216160297e-12
8.000000000000000000e+00 -8.781622167597941120e-01 2.607245278340997174e-06 -1.681144112808397040e-11 4.632738637155853212e-12 -5.826450433232821524e-12
8.000000000000000000e+00 4.511104451572478524e-02 2.000004291534423828e+00 1.370906829833984375e-06 1.370906829833984375e-06 4.172325134277343750e-07
8.000000000000000000e+00 3.417485441689307901e+00 8.450859240838326514e-06 2.586375558166764677e-11 4.095568328921217471e-11 5.368860911403317004e-11
8.000000000000000000e+00 4.217323930035151491e+00 9.960172064893413335e-06 4.411049303598701954e-11 2.182787284255027771e-11 5.428546501207165420e-11
8.000000000000000000e+00 4.755306008483612956e+00 1.999996900558471680e+00 4.053115844726562500e-06 4.410743713378906250e-06 4.231929779052734375e-06
8.000000000000000000e+00 4.786704021670238340e+00 1.999996423721313477e+00 2.980232238769531250e-06 2.741813659667968750e-06 2.920627593994140625e-06
8.000000000000000000e+00 7.537200668204000920e+00 1.999993681907653809e+00 2.920627593994140625e-06 3.457069396972656250e-06 2.086162567138671875e-06
8.000000000000000000e+00 8.022968774005130754e+00 3.229216963518410921e-05 6.491518433904275298e-11 -7.958078640513122082e-13 5.252331902738660574e-11
8.000000000000000000e+00 9.312197601879462994e+00 1.999944806098937988e+00 -1.549720764160156250e-06 -1.013278961181640625e-06 -1.549720764160156250e-06
8.000000000000000000e+00 9.329069893978026329e+00 1.999939680099487305e+00 -7.152557373046875000e-07 -1.013278961181640625e-06 -5.364418029785156250e-07
8.000000000000000000e+00 9.505010713440341874e+00 3.512670809868723154e-05 4.047251422889530659e-11 -1.259650161955505610e-10 -1.800799509510397911e-10
8.000000000000000000e+00 1.008960268121766823e+01 1.444556437490973622e-05 -2.779643182293511927e-11 2.872297955036628991e-10 -1.226680979016236961e-10
8.000000000000000000e+00 1.298237905251502688e+01 6.637903425144031644e-05 -1.512034941697493196e-09 2.010892785619944334e-09 -4.100002115592360497e-09
8.000000000000000000e+00 1.373628535933312733e+01 1.999987840652465820e+00 -1.192092895507812500e-07 -1.072883605957031250e-06 -1.490116119384765625e-06
8.000000000000000000e+00 1.429258311131671633e+01 1.999857306480407715e+00 -2.211332321166992188e-05 9.179115295410156250e-06 1.263618469238281250e-05
8.000000000000000000e+00 1.429940747384568311e+01 1.999857187271118164e+00 2.300739288330078125e-05 -8.344650268554687500e-06 -1.186132431030273438e-05
8.000000000000000000e+00 1.495722895763345939e+01 6.887394556542858481e-05 -1.073203748092055321e-10 -7.075868779793381691e-10 3.585228114388883114e-09
8.000000000000000000e+00 1.536526929304929823e+01 1.999992966651916504e+00 8.344650268554687500e-07 1.847743988037109375e-06 1.579523086547851562e-06
8.000000000000000000e+00 1.639250618343101351e+01 7.608870510011911392e-05 8.767335657466901466e-08 -1.064918251358903944e-07 -9.350060281576588750e-08
8.000000000000000000e+00 1.745870433435374025e+01 6.804496661061421037e-05 3.009099782502744347e-05 -7.420326710416702554e-06 -1.943833194673061371e-05
8.000000000000000000e+00 1.745911387193937259e+01 2.323051558050792664e-05 -4.427649855642812327e-06 -1.099995370168471709e-05 -9.970669623271533055e-08
8.000000000000000000e+00 1.745979089532169581e+01 1.950168734765611589e-05 -8.631687705928925425e-06 6.161993496789364144e-06 1.347608304058667272e-05
8.000000000000000000e+00 1.746109178865103928e+01 3.123060378129594028e-05 -1.786982102203182876e-05 1.752121352183166891e-05 1.180464460048824549e-05
8.000000000000000000e+00 1.759689944453393906e+01 8.969725968199782073e-06 1.868542312877252698e-06 -1.256680661754216999e-07 9.711466191220097244e-07
8.000000000000000000e+00 1.759705257812061774e+01 3.510111582727404311e-06 1.684080075392557774e-06 -1.567365984556090552e-06 -2.332972286467338563e-07
8.000000000000000000e+00 1.759772217514803927e+01 5.813090410811128095e-06 -1.414826442669436801e-06 1.713197889330331236e-06 2.789635573208215646e-06
8.000000000000000000e+00 1.760161994705907418e+01 5.050957770436070859e-05 -1.721271655696909875e-05 -3.586747425288194790e-06 -1.128501571656670421e-05
8.000000000000000000e+00 1.760385141058270264e+01 2.753283661149907857e-05 -3.718135303643066436e-06 8.478303243464324623e-06 -1.261031684407498688e-05
8.000000000000000000e+00 1.845123672445150476e+01 9.001589205581694841e-05 2.004619773288141005e-06 5.002582383895060048e-06 3.206834662705659866e-06
9.000000000000000000e+00 -4.185103804178677223e+00 1.999998569488525391e+00 3.337860107421875000e-06 1.072883605957031250e-06 1.609325408935546875e-06
9.000000000000000000e+00 -3.753415768599797531e+00 1.061729562934488058e-06 1.463718035665806383e-12 -6.792788553866557777e-12 5.641709321935195476e-12
9.000000000000000000e+00 -1.015099926556344512e+00 1.832598968576348852e-06 -1.382716163789154962e-11 -1.246291958523215726e-11 2.211208993685431778e-11
9.000000000000000000e+00 -5.464968244218795235e-01 2.000001430511474609e+00 2.980232238769531250e-07 8.940696716308593750e-07 2.384185791015625000e-07
9.000000000000000000e+00 3.967459934373421593e+00 1.095907464332412928e-05 1.739408617140725255e-11 1.352873368887230754e-11 3.024069883394986391e-11
9.000000000000000000e+00 4.430139938788550502e+00 7.813466254447121173e-06 -2.148681232938542962e-11 2.313527147634886205e-11 -6.025402399245649576e-12
9.000000000000000000e+00 4.681237574908005072e+00 1.999997854232788086e+00 3.874301910400390625e-06 3.397464752197265625e-06 3.516674041748046875e-06
9.000000000000000000e+00 4.712729261591587004e+00 1.999994754791259766e+00 1.132488250732421875e-06 1.728534698486328125e-06 1.728534698486328125e-06
9.000000000000000000e+00 7.453371474070211278e+00 1.999992370605468750e+00 3.278255462646484375e-06 3.397464752197265625e-06 2.503395080566406250e-06
9.000000000000000000e+00 7.948371539824623966e+00 1.833253554650582373e-05 1.321041054325178266e-10 4.547473508864641190e-13 -6.821210263296961784e-13
9.000000000000000000e+00 9.135078751377482931e+00 6.319232488749548793e-05 1.737134880386292934e-10 9.458744898438453674e-11 1.255102688446640968e-10
9.000000000000000000e+00 9.249928796563626321e+00 1.999953031539916992e+00 3.874301910400390625e-06 4.410743713378906250e-06 4.291534423828125000e-06
9.000000000000000000e+00 9.265593238792192210e+00 1.999951243400573730e+00 7.748603820800781250e-07 5.364418029785156250e-07 4.768371582031250000e-07
9.000000000000000000e+00 9.613959378093115404e+00 4.775716661242768168e-05 2.680735633475705981e-10 5.115907697472721338e-11 -6.980371836107224226e-11
9.000000000000000000e+00 1.366490796527294549e+01 1.999994039535522461e+00 -2.384185791015625000e-07 -2.980232238769531250e-07 0.000000000000000000e+00
9.000000000000000000e+00 1.373721149239802486e+01 2.522169961594045162e-05 3.784805358009180054e-09 6.507889338536188006e-09 9.488985597272403538e-09
9.000000000000000000e+00 1.483251850253022575e+01 7.165574061218649149e-05 -2.247816155431792140e-09 -7.519247446907684207e-09 8.628830983070656657e-09
9.000000000000000000e+00 1.502779775067120127e+01 1.999927759170532227e+00 -1.861453056335449219e-04 2.130568027496337891e-04 -3.081560134887695312e-05
9.000000000000000000e+00 1.503517528366545974e+01 1.999930977821350098e+00 1.853704452514648438e-04 -2.176761627197265625e-04 2.837181091308593750e-05
9.000000000000000000e+00 1.610207374180441064e+01 1.999994635581970215e+00 2.264976501464843750e-06 7.450580596923828125e-06 3.695487976074218750e-06
9.000000000000000000e+00 1.642388553163089782e+01 5.787072950624860823e-05 4.493504093261435628e-07 -1.799136953195556998e-06 -5.264625997369876131e-07
9.000000000000000000e+00 1.730161983082805932e+01 1.023626537062227726e-04 -4.673393050325103104e-05 3.032518907275516540e-05 1.145298392657423392e-05
9.000000000000000000e+00 1.730225964119265925e+01 2.636728640936780721e-05 1.556612005515489727e-05 -1.822301783249713480e-05 -1.690040903667977545e-06
9.000000000000000000e+00 1.730326446237037885e+01 3.326786463730968535e-05 7.608237410750007257e-06 4.980356607120484114e-06 -1.235261879628524184e-05
9.000000000000000000e+00 1.730819105317320350e+01 6.904607289470732212e-05 6.026820847182534635e-05 -1.960744884854648262e-05 6.499710252683144063e-06
9.000000000000000000e+00 1.741032700709018854e+01 3.285737329861149192e-05 -2.006271279242355376e-05 -6.962245151953538880e-06 -1.087265263777226210e-05
9.000000000000000000e+00 1.741072528197763702e+01 5.503796637640334666e-05 1.744325163599569350e-05 2.502404822735115886e-05 -3.598501962187583558e-06
9.000000000000000000e+00 1.741213989280425878e+01 5.898471135878935456e-05 -1.334108492301311344e-05 6.163953003124333918e-06 1.827185769798234105e-05
9.000000000000000000e+00 1.741471643936009173e+01 6.528984522446990013e-05 4.177481241640634835e-05 -1.000283828034298494e-05 -1.066374625224852934e-05
9.000000000000000000e+00 1.742159605545623435e+01 2.370012080064043403e-04 1.305633195443078876e-04 2.668089337021228857e-06 6.409810885088518262e-05
9.000000000000000000e+00 1.825144543398463526e+01 1.175121287815272808e-04 2.841599052771925926e-05 8.433933544438332319e-06 -2.464274439262226224e-05
9.000000000000000000e+00 1.825166368428662622e+01 3.923308977391570807e-04 6.300994300545426086e-06 -2.839041007973719388e-05 -2.411239547654986382e-04
1.000000000000000000e+01 -3.910624360906642671e+00 1.999997496604919434e+00 2.861022949218750000e-06 2.264976501464843750e-06 2.384185791015625000e-06
1.000000000000000000e+01 -3.787043704002734046e+00 1.214343456013011746e-06 -6.586731160496128723e-12 1.676880856393836439e-12 7.865708084864309058e-12
1.000000000000000000e+01 -1.105712864836261522e+00 2.400480752839939669e-06 -7.474909580196253955e-12 -9.464429240324534476e-12 -1.699618223938159645e-11
1.000000000000000000e+01 -9.738288490115705187e-01 1.999999046325683594e+00 2.384185791015625000e-07 3.576278686523437500e-07 1.132488250732421875e-06
1.000000000000000000e+01 4.434357533437146337e+00 9.187964678858406842e-06 -4.274625098332762718e-11 -1.364242052659392357e-12 -7.503331289626657963e-12
1.000000000000000000e+01 4.583629692603471639e+00 1.155751215264899656e-05 -3.194600139977410436e-11 -1.182343112304806709e-11 3.399236447876319289e-11
1.000000000000000000e+01 4.637155597335060442e+00 1.999991178512573242e+00 1.788139343261718750e-06 2.026557922363281250e-06 2.026557922363281250e-06
1.000000000000000000e+01 4.668711347534904021e+00 1.999992132186889648e+00 1.966953277587890625e-06 1.847743988037109375e-06 1.788139343261718750e-06
1.000000000000000000e+01 7.401147111436015891e+00 1.999992012977600098e+00 4.708766937255859375e-06 4.649162292480468750e-06 6.020069122314453125e-06
1.000000000000000000e+01 7.582057885039006351e+00 1.014653389574959874e-05 -5.911715561524033546e-11 -6.252776074688881636e-12 4.217781679471954703e-11
1.000000000000000000e+01 9.147868328117166214e+00 8.240355236921459436e-05 7.275957614183425903e-10 6.612026481889188290e-10 4.920366336591541767e-10
1.000000000000000000e+01 9.204304612239155858e+00 1.999928951263427734e+00 1.370906829833984375e-06 1.251697540283203125e-06 1.668930053710937500e-06
1.000000000000000000e+01 9.219268708836064974e+00 1.999933719635009766e+00 5.960464477539062500e-07 7.152557373046875000e-07 5.960464477539062500e-07
1.000000000000000000e+01 9.304047136078905211e+00 7.662981806788593531e-05 2.446540747769176960e-10 7.094058673828840256e-11 2.173692337237298489e-10
1.000000000000000000e+01 1.359476382654938398e+01 1.999985218048095703e+00 -1.788139343261718750e-06 -1.549720764160156250e-06 -1.192092895507812500e-06
1.000000000000000000e+01 1.367267495171837943e+01 1.462701129639754072e-05 -1.049022557708667591e-08 -6.541881703014951199e-09 -2.376623342570383102e-09
1.000000000000000000e+01 1.567117217846779198e+01 1.224434381583705544e-04 7.231631116155767813e-08 -3.313425622764043510e-08 -4.681896825786679983e-08
1.000000000000000000e+01 1.585739619087865826e+01 1.999895691871643066e+00 3.672838211059570312e-04 -1.022815704345703125e-04 -2.759397029876708984e-04
1.000000000000000000e+01 1.586384602802123567e+01 1.999891877174377441e+00 -3.691911697387695312e-04 9.924173355102539062e-05 2.732872962951660156e-04
1.000000000000000000e+01 1.647702601249389431e+01 8.152728696586564183e-05 1.202889507112558931e-06 4.319770141592016444e-06 -2.202716132160276175e-06
1.000000000000000000e+01 1.647719716886517816e+01 4.903272201772779226e-05 -1.301504471484804526e-05 -1.978491673071403056e-05 1.507953493273817003e-05
1.000000000000000000e+01 1.682527561354947210e+01 9.998199939727783203e-01 2.589456923305988312e-02 -9.967185854911804199e-01 -6.627330929040908813e-02
1.000000000000000000e+01 1.682567686430780185e+01 9.994624853134155273e-01 -2.577706053853034973e-02 9.962159395217895508e-01 6.584772467613220215e-02
1.000000000000000000e+01 1.723051637311040452e+01 1.669725024839863181e-04 -4.959448779118247330e-05 7.830072718206793070e-05 -2.964743725897278637e-05
1.000000000000000000e+01 1.723160819330002624e+01 7.076915935613214970e-04 2.416167553747072816e-04 2.688489039428532124e-04 -3.961314505431801081e-04
1.000000000000000000e+01 1.723188938492386768e+01 6.994873401708900928e-04 -2.977024705614894629e-04 -3.340039620525203645e-05 3.294316120445728302e-04
1.000000000000000000e+01 1.723578263100791474e+01 2.632078249007463455e-03 6.398176192305982113e-04 1.866837410489097238e-04 -2.424706763122230768e-04
1.000000000000000000e+01 1.724189735926273670e+01 3.474876051768660545e-03 1.426616800017654896e-03 -1.316106179729104042e-03 7.999254157766699791e-04
1.000000000000000000e+01 1.724504367726012077e+01 3.037645947188138962e-03 -3.509153975755907595e-05 -1.233181101270020008e-03 -4.625103974831290543e-05
1.000000000000000000e+01 1.727329644069090619e+01 9.047483035828918219e-05 -2.336778561584651470e-05 -2.710363514779601246e-05 7.460827873728703707e-06
1.000000000000000000e+01 1.727441094116747422e+01 4.151671892032027245e-04 -6.454729737015441060e-05 6.335422949632629752e-05 -1.355269632767885923e-04
1.000000000000000000e+01 1.727597776246022931e+01 4.220517817884683609e-03 -8.256886212620884180e-05 -6.098819430917501450e-04 2.538288710638880730e-03
1.000000000000000000e+01 1.727975112554923953e+01 6.520171184092760086e-03 -1.528450666228309274e-04 2.357864286750555038e-03 -1.930243102833628654e-03
1.000000000000000000e+01 1.728598592428112113e+01 1.204937975853681564e-02 1.531464513391256332e-03 4.833642859011888504e-03 3.495093435049057007e-03
1.000000000000000000e+01 1.729132590868890063e+01 1.241683959960937500e-02 3.727058938238769770e-04 -6.586000323295593262e-03 -2.951546572148799896e-03
1.000000000000000000e+01 1.784512942181568462e+01 8.573717623949050903e-02 3.085433132946491241e-02 -1.880690827965736389e-02 3.902880474925041199e-02
1.000000000000000000e+01 1.786153992236593169e+01 3.293402194976806641e-01 2.891612052917480469e-02 4.902160540223121643e-02 1.477489918470382690e-01
1.100000000000000000e+01 -3.797810848760204472e+00 2.000007390975952148e+00 -3.497698344290256500e-07 2.935121301561594009e-07 3.460445441305637360e-08
1.100000000000000000e+01 -1.137185940934196671e+00 2.000016450881958008e+00 4.295376129448413849e-06 4.283938324078917503e-06 3.818422555923461914e-06
1.100000000000000000e+01 4.622369861210820829e+00 1.999991655349731445e+00 7.152557373046875000e-07 7.748603820800781250e-07 1.132488250732421875e-06
1.100000000000000000e+01 4.653948674657348406e+00 1.999998092651367188e+00 2.980232238769531250e-06 3.099441528320312500e-06 2.801418304443359375e-06
1.100000000000000000e+01 7.384299352894888813e+00 2.000018596649169922e+00 9.164214134216308594e-07 1.162290573120117188e-06 1.259148120880126953e-06
1.100000000000000000e+01 9.187717856778547798e+00 2.000019550323486328e+00 -3.576278686523437500e-07 -7.152557373046875000e-07 -2.980232238769531250e-07
1.100000000000000000e+01 9.202456489864438538e+00 2.000012874603271484e+00 -9.536743164062500000e-07 -7.748603820800781250e-07 -8.344650268554687500e-07
1.100000000000000000e+01 1.356896949003163222e+01 2.000021219253540039e+00 -8.165836334228515625e-06 -8.046627044677734375e-06 -8.642673492431640625e-06
1.100000000000000000e+01 1.649773454562288677e+01 3.402139186859130859e+00 6.654430925846099854e-02 6.690965592861175537e-02 -2.463841438293457031e-01
1.100000000000000000e+01 1.649814493733160958e+01 5.976279377937316895e-01 -5.887198261916637421e-03 -1.381656974554061890e-01 1.719120144844055176e-01
1.100000000000000000e+01 1.719180839397166949e+01 1.024094745516777039e-01 -4.101692233234643936e-03 1.462093461304903030e-02 2.485106512904167175e-02
1.100000000000000000e+01 1.719244967713548533e+01 2.723653018474578857e-01 3.637867793440818787e-02 6.728187948465347290e-02 2.535089477896690369e-02
1.100000000000000000e+01 1.719390410945587178e+01 1.971925646066665649e-01 -1.514655351638793945e-02 -1.762269064784049988e-02 -9.836226701736450195e-03
1.100000000000000000e+01 1.719498913186529876e+01 4.232841432094573975e-01 -5.491746589541435242e-02 -1.560044940561056137e-02 6.921420246362686157e-02
1.100000000000000000e+01 1.719648031638724461e+01 2.555677294731140137e-01 -5.514461174607276917e-02 -9.686752222478389740e-03 -3.124278271570801735e-03
1.100000000000000000e+01 1.720090486841380439e+01 1.396613270044326782e-01 1.240210141986608505e-02 -2.492136508226394653e-02 -1.928266510367393494e-02
1.100000000000000000e+01 1.720609827577148465e+01 2.491151690483093262e-01 -5.137912556529045105e-02 -8.517839014530181885e-03 1.196497492492198944e-02
1.100000000000000000e+01 1.721316067546336726e+01 3.112614452838897705e-01 5.432729050517082214e-02 -7.062759995460510254e-02 -6.279941648244857788e-02
1.100000000000000000e+01 1.722557587861346917e+01 4.062452614307403564e-01 -8.854304440319538116e-03 1.700969785451889038e-02 1.210888475179672241e-01
1.100000000000000000e+01 1.722571770647616063e+01 4.672787711024284363e-02 -5.544345360249280930e-03 -1.567408675327897072e-03 4.071715287864208221e-03
1.100000000000000000e+01 1.722591625542706950e+01 1.249680146574974060e-01 4.529342800378799438e-02 -1.261997316032648087e-02 2.457231283187866211e-03
1.100000000000000000e+01 1.722613542977579115e+01 3.550288677215576172e-01 -9.894448518753051758e-02 -5.227946117520332336e-02 9.428584948182106018e-03
1.100000000000000000e+01 1.722638927393180097e+01 1.587703078985214233e-01 2.253517508506774902e-03 3.355305269360542297e-02 -4.725380241870880127e-02
1.100000000000000000e+01 1.722692901474932725e+01 1.368308514356613159e-01 1.277369447052478790e-02 3.977051749825477600e-02 -2.071690745651721954e-02
1.100000000000000000e+01 1.722723131646024086e+01 9.001013636589050293e-01 1.510555855929851532e-03 -8.905043825507164001e-03 2.502385526895523071e-02
