# # reduced_coordinates ,energy, weight 
# 
0.000000000000000000e+00 -6.130653074742614450e+00 9.999969005584716797e-01
0.000000000000000000e+00 -1.984009425842789165e+00 5.619814146484714001e-06
0.000000000000000000e+00 2.982075827368289023e+00 6.094796844990924001e-06
0.000000000000000000e+00 5.841026024573319653e+00 2.999967098236083984e+00
0.000000000000000000e+00 6.559524491322835438e+00 5.004137710784561932e-05
0.000000000000000000e+00 8.409182556887255799e+00 2.999956369400024414e+00
0.000000000000000000e+00 9.207941999278347112e+00 1.000002026557922363e+00
0.000000000000000000e+00 1.362817378621399556e+01 1.999477982521057129e+00
0.000000000000000000e+00 1.379284942017062932e+01 1.000006079673767090e+00
0.000000000000000000e+00 1.596578110012681861e+01 3.385291347512975335e-05
0.000000000000000000e+00 1.692243513479705186e+01 1.424000365659594536e-04
0.000000000000000000e+00 1.711296116300624703e+01 2.999911308288574219e+00
0.000000000000000000e+00 1.846040562365687521e+01 2.638156292960047722e-04
0.000000000000000000e+00 1.846072573678971906e+01 7.394482236122712493e-05
0.000000000000000000e+00 1.846103905473260909e+01 1.637705281609669328e-04
1.000000000000000000e+00 -6.103445818953870727e+00 9.999946951866149902e-01
1.000000000000000000e+00 -2.322803171267665334e+00 1.722808065096614882e-06
1.000000000000000000e+00 -1.622876725312315527e+00 3.168009243381675333e-06
1.000000000000000000e+00 2.871796265387406510e+00 1.881952698568056803e-06
1.000000000000000000e+00 3.004710300448254490e+00 3.902374373865313828e-06
1.000000000000000000e+00 5.540541762394157743e+00 9.999886751174926758e-01
1.000000000000000000e+00 5.795882649516004292e+00 1.999973773956298828e+00
1.000000000000000000e+00 6.556420112114494714e+00 2.629862137837335467e-05
1.000000000000000000e+00 6.782278454095144404e+00 1.651367165322881192e-05
1.000000000000000000e+00 8.465167768978204776e+00 9.999796152114868164e-01
1.000000000000000000e+00 8.477085002078627696e+00 1.999964475631713867e+00
1.000000000000000000e+00 9.406546231713786455e+00 9.999987483024597168e-01
1.000000000000000000e+00 1.353359818419987270e+01 1.999453902244567871e+00
1.000000000000000000e+00 1.391276725824907246e+01 1.000002264976501465e+00
1.000000000000000000e+00 1.559030865473527960e+01 1.882909418782219291e-05
1.000000000000000000e+00 1.565047349281003797e+01 1.764859553077258170e-05
1.000000000000000000e+00 1.685829367469941431e+01 5.715118822990916669e-05
1.000000000000000000e+00 1.689732366921485962e+01 7.518529309891164303e-05
1.000000000000000000e+00 1.700420209595522536e+01 9.999701976776123047e-01
1.000000000000000000e+00 1.729868434731270810e+01 1.999937295913696289e+00
1.000000000000000000e+00 1.822670005967477636e+01 1.142266701208427548e-04
1.000000000000000000e+00 1.822718958530380462e+01 5.359019996831193566e-05
1.000000000000000000e+00 1.873040430887756003e+01 3.998348347522551194e-06
2.000000000000000000e+00 -6.022261280619181534e+00 1.000002503395080566e+00
2.000000000000000000e+00 -2.630133661970247783e+00 3.821957079708226956e-07
2.000000000000000000e+00 -1.256516142405995851e+00 8.994463200906466227e-07
2.000000000000000000e+00 2.611700041933445071e+00 5.454232336887798738e-07
2.000000000000000000e+00 3.072184313758091978e+00 3.508905592752853408e-06
2.000000000000000000e+00 4.853430336214080043e+00 9.999973773956298828e-01
2.000000000000000000e+00 5.673457120559469047e+00 1.999989390373229980e+00
2.000000000000000000e+00 6.640030332615054043e+00 8.680597602506168187e-06
2.000000000000000000e+00 7.293946917045218470e+00 1.401890949637163430e-05
2.000000000000000000e+00 8.440316679905226493e+00 9.999930858612060547e-01
2.000000000000000000e+00 8.657573436429117919e+00 1.999993205070495605e+00
2.000000000000000000e+00 9.987882826905448042e+00 9.999976158142089844e-01
2.000000000000000000e+00 1.331325119790881750e+01 1.999880433082580566e+00
2.000000000000000000e+00 1.424608130924889338e+01 9.999998211860656738e-01
2.000000000000000000e+00 1.479769663961114645e+01 2.685325125639792532e-05
2.000000000000000000e+00 1.489781798092702125e+01 1.306114518229151145e-05
2.000000000000000000e+00 1.674268383031167673e+01 8.610779332229867578e-06
2.000000000000000000e+00 1.674347888922689620e+01 9.999884366989135742e-01
2.000000000000000000e+00 1.681000147882975071e+01 3.012968045368324965e-05
2.000000000000000000e+00 1.778931519024890662e+01 1.999918937683105469e+00
2.000000000000000000e+00 1.821904774198905130e+01 1.449368428438901901e-04
2.000000000000000000e+00 1.821939442396704933e+01 8.676271681906655431e-05
2.000000000000000000e+00 1.872391931665841369e+01 5.300200427882373333e-06
3.000000000000000000e+00 -5.887858833412845883e+00 1.000000715255737305e+00
3.000000000000000000e+00 -2.901351167495597849e+00 1.193210721339710290e-07
3.000000000000000000e+00 -9.167640937732043360e-01 1.083997403839020990e-06
3.000000000000000000e+00 2.334596548831960661e+00 3.984175123150635045e-07
3.000000000000000000e+00 3.183311253210026504e+00 4.333217930252430961e-06
3.000000000000000000e+00 4.027848482839736732e+00 9.999980926513671875e-01
3.000000000000000000e+00 5.508441794494229882e+00 1.999989032745361328e+00
3.000000000000000000e+00 6.785043230314997231e+00 6.927150934643577784e-06
3.000000000000000000e+00 8.011634644715003972e+00 1.619740032765548676e-05
3.000000000000000000e+00 8.309064685367731684e+00 9.999986886978149414e-01
3.000000000000000000e+00 8.897511691652791654e+00 1.999991297721862793e+00
3.000000000000000000e+00 1.075573920092792690e+01 9.999945163726806641e-01
3.000000000000000000e+00 1.308439262998643926e+01 1.999825596809387207e+00
3.000000000000000000e+00 1.391071173675331352e+01 3.075939457630738616e-05
3.000000000000000000e+00 1.398358206231358736e+01 1.531290763523429632e-05
3.000000000000000000e+00 1.469227509281521016e+01 1.000000715255737305e+00
3.000000000000000000e+00 1.650813881006816075e+01 9.999873042106628418e-01
3.000000000000000000e+00 1.660861561540550824e+01 6.413933533622184768e-06
3.000000000000000000e+00 1.668649473721683307e+01 3.112202830379828811e-05
3.000000000000000000e+00 1.824532452818708705e+01 1.499774807598441839e-04
3.000000000000000000e+00 1.824627282000397344e+01 1.597425143700093031e-04
3.000000000000000000e+00 1.848344529446773166e+01 9.998699426651000977e-01
3.000000000000000000e+00 1.848501916349304253e+01 9.938608407974243164e-01
3.000000000000000000e+00 1.875591516061689035e+01 3.107312068095779978e-06
4.000000000000000000e+00 -5.701572079814893002e+00 9.999998807907104492e-01
4.000000000000000000e+00 -3.134188484757649107e+00 3.684500029521586839e-07
4.000000000000000000e+00 -6.589329009568208884e-01 1.642458528294810094e-06
4.000000000000000000e+00 2.163998736946771029e+00 1.760041413945145905e-06
4.000000000000000000e+00 3.170195747631018079e+00 9.999988079071044922e-01
4.000000000000000000e+00 3.335305576216867518e+00 3.461615733613143675e-06
4.000000000000000000e+00 5.329626045215047903e+00 1.999998331069946289e+00
4.000000000000000000e+00 6.984523871343093937e+00 8.083750799414701760e-06
4.000000000000000000e+00 8.137501012693629576e+00 9.999959468841552734e-01
4.000000000000000000e+00 8.864962659192995531e+00 2.269264223286882043e-05
4.000000000000000000e+00 9.133419811843811686e+00 1.999981999397277832e+00
4.000000000000000000e+00 1.157107260948434302e+01 9.999957084655761719e-01
4.000000000000000000e+00 1.294870332823481718e+01 1.999822139739990234e+00
4.000000000000000000e+00 1.302263167370672647e+01 1.858335735960281454e-06
4.000000000000000000e+00 1.302486142404242031e+01 5.355327630240935832e-06
4.000000000000000000e+00 1.498302781716671284e+01 1.000000953674316406e+00
4.000000000000000000e+00 1.644701053579589356e+01 1.360699570795986801e-05
4.000000000000000000e+00 1.657026952636151407e+01 5.553254595724865794e-05
4.000000000000000000e+00 1.660783681864826278e+01 9.999945163726806641e-01
4.000000000000000000e+00 1.822714218448414769e+01 8.300370973302051425e-05
4.000000000000000000e+00 1.876929941770400490e+01 7.137979991966858506e-06
4.000000000000000000e+00 1.876989176420366690e+01 9.160499321296811104e-04
4.000000000000000000e+00 1.877293137486013563e+01 6.169489119201898575e-03
5.000000000000000000e+00 -5.465792849943719389e+00 9.999991655349731445e-01
5.000000000000000000e+00 -3.328339301205293754e+00 5.400955274126317818e-07
5.000000000000000000e+00 -5.452626311597406072e-01 1.803329723770730197e-06
5.000000000000000000e+00 2.196354941332990141e+00 4.606581114785512909e-06
5.000000000000000000e+00 2.321574958513934916e+00 1.000000000000000000e+00
5.000000000000000000e+00 3.524198847861587325e+00 5.909663286729482934e-06
5.000000000000000000e+00 5.157597002212243709e+00 1.999993801116943359e+00
5.000000000000000000e+00 7.231835066218643249e+00 1.634733052924275398e-05
5.000000000000000000e+00 7.962133047608178416e+00 9.999964237213134766e-01
5.000000000000000000e+00 9.305273738248144966e+00 1.999976873397827148e+00
5.000000000000000000e+00 9.810427010308911733e+00 3.822017606580629945e-05
5.000000000000000000e+00 1.206562702261509479e+01 4.215416538499994203e-06
5.000000000000000000e+00 1.218086766637606644e+01 1.424199399480130523e-05
5.000000000000000000e+00 1.238146360295465342e+01 9.999971389770507812e-01
5.000000000000000000e+00 1.297942416430365498e+01 1.999758243560791016e+00
5.000000000000000000e+00 1.492375623353765235e+01 9.999994039535522461e-01
5.000000000000000000e+00 1.622662293186778015e+01 2.487966594344470650e-05
5.000000000000000000e+00 1.648059416997452331e+01 5.817835335619747639e-05
5.000000000000000000e+00 1.725445585500128587e+01 9.999932050704956055e-01
5.000000000000000000e+00 1.814246914986536652e+01 8.151190559146925807e-05
5.000000000000000000e+00 1.871327483117705270e+01 1.781124774424824864e-05
5.000000000000000000e+00 1.871338095077969399e+01 1.345621694781584665e-05
5.000000000000000000e+00 1.871458405678599490e+01 7.398532034130766988e-05
6.000000000000000000e+00 -5.184797665606652117e+00 9.999991655349731445e-01
6.000000000000000000e+00 -3.484863099772196993e+00 9.330491934633755591e-07
6.000000000000000000e+00 -5.856736555496002694e-01 8.831739251036196947e-07
6.000000000000000000e+00 1.506048477692452536e+00 1.000003218650817871e+00
6.000000000000000000e+00 2.456957790012879617e+00 2.453963588777696714e-06
6.000000000000000000e+00 3.742412304051013106e+00 5.366118330130120739e-06
6.000000000000000000e+00 5.003828743923686595e+00 1.999994277954101562e+00
6.000000000000000000e+00 7.513907831758892542e+00 8.563760275137610734e-06
6.000000000000000000e+00 7.796292285363584540e+00 9.999967813491821289e-01
6.000000000000000000e+00 9.382244407332461122e+00 1.999972820281982422e+00
6.000000000000000000e+00 1.077063445497092431e+01 2.920765109593048692e-05
6.000000000000000000e+00 1.118798620310757208e+01 6.192968157847644761e-06
6.000000000000000000e+00 1.139756821150766619e+01 1.996387800318188965e-05
6.000000000000000000e+00 1.312526241833146123e+01 9.999966621398925781e-01
6.000000000000000000e+00 1.322777254311898787e+01 1.999882698059082031e+00
6.000000000000000000e+00 1.477112866109669120e+01 9.999991655349731445e-01
6.000000000000000000e+00 1.590330440408902923e+01 1.394558785250410438e-05
6.000000000000000000e+00 1.641870532920963299e+01 4.930109935230575502e-05
6.000000000000000000e+00 1.799169174565931684e+01 3.394825034774839878e-05
6.000000000000000000e+00 1.799220758218381278e+01 5.685830547008663416e-05
6.000000000000000000e+00 1.799512706758320135e+01 1.839383912738412619e-04
6.000000000000000000e+00 1.818954454200600068e+01 9.949596524238586426e-01
6.000000000000000000e+00 1.830026538853895346e+01 2.635013515828177333e-05
6.000000000000000000e+00 1.830156107564413404e+01 3.170767449773848057e-04
6.000000000000000000e+00 1.831644969885097041e+01 8.100463892333209515e-04
7.000000000000000000e+00 -4.865897706731860950e+00 1.000000119209289551e+00
7.000000000000000000e+00 -3.605908939939068691e+00 1.036661387843196280e-06
7.000000000000000000e+00 -7.200501739412127344e-01 1.493516379014181439e-06
7.000000000000000000e+00 7.409207371333419445e-01 1.000000476837158203e+00
7.000000000000000000e+00 2.889859103695977094e+00 4.022565008199308068e-06
7.000000000000000000e+00 3.979010928898045751e+00 6.137093350844224915e-06
7.000000000000000000e+00 4.873988720727767898e+00 1.999990701675415039e+00
7.000000000000000000e+00 7.652947258867921931e+00 9.999980330467224121e-01
7.000000000000000000e+00 7.803810826697543668e+00 1.983999209187459201e-05
7.000000000000000000e+00 9.376253793394688785e+00 1.999961376190185547e+00
7.000000000000000000e+00 1.023133557194303656e+01 5.871496796316932887e-06
7.000000000000000000e+00 1.069221577920264288e+01 2.360949656576849520e-05
7.000000000000000000e+00 1.192345700355481597e+01 2.331837458768859506e-05
7.000000000000000000e+00 1.363919638343862140e+01 9.999970197677612305e-01
7.000000000000000000e+00 1.368466205508469713e+01 1.999897956848144531e+00
7.000000000000000000e+00 1.484196692513931204e+01 9.999912977218627930e-01
7.000000000000000000e+00 1.545511679532673988e+01 1.695258288236800581e-05
7.000000000000000000e+00 1.638867541266590067e+01 4.369839007267728448e-05
7.000000000000000000e+00 1.776968646690866294e+01 5.214512202655896544e-05
7.000000000000000000e+00 1.779920521540504907e+01 3.664586984086781740e-05
7.000000000000000000e+00 1.860625068087353640e+01 1.223084400407969952e-04
8.000000000000000000e+00 -4.523258639615422183e+00 1.000004887580871582e+00
8.000000000000000000e+00 -3.694207576693138595e+00 9.162512242255616002e-07
8.000000000000000000e+00 -8.781316499338979176e-01 1.303577164435409941e-06
8.000000000000000000e+00 4.514978014127102313e-02 9.999998807907104492e-01
8.000000000000000000e+00 3.417702047401965704e+00 4.225010798108996823e-06
8.000000000000000000e+00 4.217233030039072794e+00 4.980248377250973135e-06
8.000000000000000000e+00 4.771067570799377933e+00 1.999994397163391113e+00
8.000000000000000000e+00 7.537222857193086156e+00 9.999974966049194336e-01
8.000000000000000000e+00 8.023010476151092973e+00 1.614628490642644465e-05
8.000000000000000000e+00 9.320663600946655691e+00 1.999942302703857422e+00
8.000000000000000000e+00 9.505037502407970962e+00 1.756369965733028948e-05
8.000000000000000000e+00 1.008962524802434402e+01 7.221599844342563301e-06
8.000000000000000000e+00 1.298241108902372254e+01 3.319123061373829842e-05
8.000000000000000000e+00 1.373630758491038151e+01 9.999902248382568359e-01
8.000000000000000000e+00 1.429601916613366797e+01 1.999861955642700195e+00
8.000000000000000000e+00 1.495725335452532079e+01 3.443366585997864604e-05
8.000000000000000000e+00 1.536526155077038247e+01 9.999974966049194336e-01
8.000000000000000000e+00 1.639252277987432649e+01 3.789918991969898343e-05
8.000000000000000000e+00 1.745919633396572124e+01 6.835871317889541388e-05
8.000000000000000000e+00 1.759650628035378617e+01 1.392723061144351959e-05
8.000000000000000000e+00 1.845117433446385036e+01 1.155529935203958303e-05
9.000000000000000000e+00 -4.185097743741142295e+00 1.000002622604370117e+00
9.000000000000000000e+00 -3.753409154401040393e+00 5.308633603817725088e-07
9.000000000000000000e+00 -1.015068897930609282e+00 9.162758942693471909e-07
9.000000000000000000e+00 -5.464625706627437296e-01 1.000002741813659668e+00
9.000000000000000000e+00 3.967888188892815915e+00 5.479800165630877018e-06
9.000000000000000000e+00 4.429840486375456798e+00 3.906040547008160502e-06
9.000000000000000000e+00 4.697045329981666129e+00 1.999993324279785156e+00
9.000000000000000000e+00 7.453393250151858496e+00 9.999970197677612305e-01
9.000000000000000000e+00 7.948403450589559327e+00 9.166106792690698057e-06
9.000000000000000000e+00 9.135152545092397602e+00 3.159952029818668962e-05
9.000000000000000000e+00 9.257789813958520853e+00 1.999944925308227539e+00
9.000000000000000000e+00 9.613930441804988902e+00 2.387537824688479304e-05
9.000000000000000000e+00 1.366492876593403416e+01 9.999969005584716797e-01
9.000000000000000000e+00 1.373725333257892522e+01 1.259732562175486237e-05
9.000000000000000000e+00 1.483254855919219040e+01 3.581812052289023995e-05
9.000000000000000000e+00 1.503152770516876302e+01 1.999932646751403809e+00
9.000000000000000000e+00 1.610206999742396761e+01 9.999952912330627441e-01
9.000000000000000000e+00 1.642389233881465316e+01 2.709555337787605822e-05
9.000000000000000000e+00 1.730244902165754795e+01 6.221012154128402472e-05
9.000000000000000000e+00 1.740951968765816105e+01 5.541151767829433084e-05
9.000000000000000000e+00 1.825138911411411868e+01 8.242380135925486684e-05
1.000000000000000000e+01 -3.910618237849986301e+00 9.999978542327880859e-01
1.000000000000000000e+01 -3.787037537529049924e+00 6.071678626540233381e-07
1.000000000000000000e+01 -1.105681569317749080e+00 1.200193764816503972e-06
1.000000000000000000e+01 -9.737968950529971579e-01 9.999986290931701660e-01
1.000000000000000000e+01 4.435912827750365217e+00 4.577500476443674415e-06
1.000000000000000000e+01 4.582201081600975279e+00 5.794865046482300386e-06
1.000000000000000000e+01 4.652994889898893760e+00 1.999991893768310547e+00
1.000000000000000000e+01 7.401168897711890793e+00 1.000001072883605957e+00
1.000000000000000000e+01 7.582078570541438189e+00 5.073125976196024567e-06
1.000000000000000000e+01 9.148199148150974125e+00 4.121854362892918289e-05
1.000000000000000000e+01 9.211814579914651802e+00 1.999935150146484375e+00
1.000000000000000000e+01 9.303769761064367927e+00 3.829871275229379535e-05
1.000000000000000000e+01 1.359478522735391692e+01 9.999906420707702637e-01
1.000000000000000000e+01 1.367270023522420352e+01 7.298960554180666804e-06
1.000000000000000000e+01 1.567123945340784452e+01 6.102288898546248674e-05
1.000000000000000000e+01 1.586067581846322128e+01 1.999895334243774414e+00
1.000000000000000000e+01 1.647701564970541099e+01 3.894553083227947354e-05
1.000000000000000000e+01 1.682519102848527837e+01 9.999920129776000977e-01
1.000000000000000000e+01 1.723315618669207794e+01 1.017331378534436226e-04
1.000000000000000000e+01 1.723340444684773942e+01 1.926729019032791257e-04
1.000000000000000000e+01 1.727036480191776491e+01 8.582986629335209727e-05
1.000000000000000000e+01 1.727083022672164248e+01 4.191975749563425779e-04
1.000000000000000000e+01 1.784147569684935064e+01 4.086069390177726746e-02
1.100000000000000000e+01 -3.797804829954587014e+00 1.000010967254638672e+00
1.100000000000000000e+01 -1.137154570926843355e+00 1.000010967254638672e+00
1.100000000000000000e+01 4.638220495543460054e+00 2.000010967254638672e+00
1.100000000000000000e+01 7.384321176481849491e+00 1.000012159347534180e+00
1.100000000000000000e+01 9.195114767658576937e+00 2.000020742416381836e+00
1.100000000000000000e+01 1.356899123769549753e+01 1.000007510185241699e+00
1.100000000000000000e+01 1.649772586043992817e+01 1.999975681304931641e+00
1.100000000000000000e+01 1.721073251729498210e+01 3.107289373874664307e-01
1.100000000000000000e+01 1.721140959302019979e+01 3.699823617935180664e-01
1.100000000000000000e+01 1.721310992946163054e+01 1.775614023208618164e-01
1.100000000000000000e+01 1.721562084508574131e+01 6.131659448146820068e-02
1.100000000000000000e+01 1.721688223138504270e+01 1.256057739257812500e+00
