# nodes of the path: 
#   0.000000 L          0.50000000   0.50000000   0.50000000
#   1.002099 G          0.00000000   0.00000000   0.00000000
#   1.820310 X          0.50000000   0.00000000   0.50000000
#   2.174605 K/U        0.62500000   0.25000000   0.62500000
#   3.237492 G          0.37500000   0.37500000   0.75000000
# # k on path (A^-1) and reduced coordinates k1,k2,k3
0.000000000000000000e+00 5.000000000000000000e-01 5.000000000000000000e-01 5.000000000000000000e-01
4.554995892099997917e-02 4.772727272727272929e-01 4.772727272727272929e-01 4.772727272727272929e-01
9.109991784199995835e-02 4.545454545454545303e-01 4.545454545454545303e-01 4.545454545454545303e-01
1.366498767629998334e-01 4.318181818181818232e-01 4.318181818181818232e-01 4.318181818181818232e-01
1.821998356839998057e-01 4.090909090909090606e-01 4.090909090909090606e-01 4.090909090909090606e-01
2.277497946049996946e-01 3.863636363636363535e-01 3.863636363636363535e-01 3.863636363636363535e-01
2.732997535259996669e-01 3.636363636363636465e-01 3.636363636363636465e-01 3.636363636363636465e-01
3.188497124469995558e-01 3.409090909090909394e-01 3.409090909090909394e-01 3.409090909090909394e-01
3.643996713679995558e-01 3.181818181818181768e-01 3.181818181818181768e-01 3.181818181818181768e-01
4.099496302889996113e-01 2.954545454545454142e-01 2.954545454545454142e-01 2.954545454545454142e-01
4.554995892099995003e-01 2.727272727272727071e-01 2.727272727272727071e-01 2.727272727272727071e-01
5.010495481309993338e-01 2.500000000000000000e-01 2.500000000000000000e-01 2.500000000000000000e-01
5.465995070519992227e-01 2.272727272727272929e-01 2.272727272727272929e-01 2.272727272727272929e-01
5.921494659729992227e-01 2.045454545454545303e-01 2.045454545454545303e-01 2.045454545454545303e-01
6.376994248939991117e-01 1.818181818181818232e-01 1.818181818181818232e-01 1.818181818181818232e-01
6.832493838149991117e-01 1.590909090909090606e-01 1.590909090909090606e-01 1.590909090909090606e-01
7.287993427359990006e-01 1.363636363636363535e-01 1.363636363636363535e-01 1.363636363636363535e-01
7.743493016569988896e-01 1.136363636363636465e-01 1.136363636363636465e-01 1.136363636363636465e-01
8.198992605779988896e-01 9.090909090909088386e-02 9.090909090909088386e-02 9.090909090909088386e-02
8.654492194989987786e-01 6.818181818181817677e-02 6.818181818181817677e-02 6.818181818181817677e-02
9.109991784199987785e-01 4.545454545454541417e-02 4.545454545454541417e-02 4.545454545454541417e-02
9.565491373409986675e-01 2.272727272727270709e-02 2.272727272727270709e-02 2.272727272727270709e-02
1.002099096261998668e+00 0.000000000000000000e+00 0.000000000000000000e+00 0.000000000000000000e+00
1.002099096261998668e+00 0.000000000000000000e+00 0.000000000000000000e+00 0.000000000000000000e+00
1.033568730333102037e+00 1.923076923076923184e-02 0.000000000000000000e+00 1.923076923076923184e-02
1.065038364404205407e+00 3.846153846153846367e-02 0.000000000000000000e+00 3.846153846153846367e-02
1.096507998475308776e+00 5.769230769230769551e-02 0.000000000000000000e+00 5.769230769230769551e-02
1.127977632546412146e+00 7.692307692307692735e-02 0.000000000000000000e+00 7.692307692307692735e-02
1.159447266617515515e+00 9.615384615384615918e-02 0.000000000000000000e+00 9.615384615384615918e-02
1.190916900688618885e+00 1.153846153846153910e-01 0.000000000000000000e+00 1.153846153846153910e-01
1.222386534759722254e+00 1.346153846153846367e-01 0.000000000000000000e+00 1.346153846153846367e-01
1.253856168830825624e+00 1.538461538461538547e-01 0.000000000000000000e+00 1.538461538461538547e-01
1.285325802901928993e+00 1.730769230769230727e-01 0.000000000000000000e+00 1.730769230769230727e-01
1.316795436973032363e+00 1.923076923076923184e-01 0.000000000000000000e+00 1.923076923076923184e-01
1.348265071044135732e+00 2.115384615384615641e-01 0.000000000000000000e+00 2.115384615384615641e-01
1.379734705115239102e+00 2.307692307692307820e-01 0.000000000000000000e+00 2.307692307692307820e-01
1.411204339186342471e+00 2.500000000000000000e-01 0.000000000000000000e+00 2.500000000000000000e-01
1.442673973257445841e+00 2.692307692307692735e-01 0.000000000000000000e+00 2.692307692307692735e-01
1.474143607328549210e+00 2.884615384615384914e-01 0.000000000000000000e+00 2.884615384615384914e-01
1.505613241399652580e+00 3.076923076923077094e-01 0.000000000000000000e+00 3.076923076923077094e-01
1.537082875470755949e+00 3.269230769230769273e-01 0.000000000000000000e+00 3.269230769230769273e-01
1.568552509541859319e+00 3.461538461538461453e-01 0.000000000000000000e+00 3.461538461538461453e-01
1.600022143612962688e+00 3.653846153846154188e-01 0.000000000000000000e+00 3.653846153846154188e-01
1.631491777684066058e+00 3.846153846153846367e-01 0.000000000000000000e+00 3.846153846153846367e-01
1.662961411755169427e+00 4.038461538461538547e-01 0.000000000000000000e+00 4.038461538461538547e-01
1.694431045826272797e+00 4.230769230769231282e-01 0.000000000000000000e+00 4.230769230769231282e-01
1.725900679897376166e+00 4.423076923076923461e-01 0.000000000000000000e+00 4.423076923076923461e-01
1.757370313968479314e+00 4.615384615384615641e-01 0.000000000000000000e+00 4.615384615384615641e-01
1.788839948039582683e+00 4.807692307692307820e-01 0.000000000000000000e+00 4.807692307692307820e-01
1.820309582110685831e+00 5.000000000000000000e-01 0.000000000000000000e+00 5.000000000000000000e-01
1.820309582110685831e+00 5.000000000000000000e-01 0.000000000000000000e+00 5.000000000000000000e-01
1.864596523759921576e+00 5.156250000000000000e-01 3.125000000000000000e-02 5.156250000000000000e-01
1.908883465409157321e+00 5.312500000000000000e-01 6.250000000000000000e-02 5.312500000000000000e-01
1.953170407058393065e+00 5.468750000000000000e-01 9.375000000000000000e-02 5.468750000000000000e-01
1.997457348707628810e+00 5.625000000000000000e-01 1.250000000000000000e-01 5.625000000000000000e-01
2.041744290356864333e+00 5.781250000000000000e-01 1.562500000000000000e-01 5.781250000000000000e-01
2.086031232006099856e+00 5.937500000000000000e-01 1.875000000000000000e-01 5.937500000000000000e-01
2.130318173655335379e+00 6.093750000000000000e-01 2.187500000000000000e-01 6.093750000000000000e-01
2.174605115304570901e+00 6.250000000000000000e-01 2.500000000000000000e-01 6.250000000000000000e-01
2.174605115304570901e+00 3.750000000000000000e-01 3.750000000000000000e-01 7.500000000000000000e-01
2.212565351003915826e+00 3.616071428571428492e-01 3.616071428571428492e-01 7.232142857142856984e-01
2.250525586703260750e+00 3.482142857142856984e-01 3.482142857142856984e-01 6.964285714285713969e-01
2.288485822402605230e+00 3.348214285714286031e-01 3.348214285714286031e-01 6.696428571428572063e-01
2.326446058101950154e+00 3.214285714285714524e-01 3.214285714285714524e-01 6.428571428571429047e-01
2.364406293801295078e+00 3.080357142857143016e-01 3.080357142857143016e-01 6.160714285714286031e-01
2.402366529500640002e+00 2.946428571428571508e-01 2.946428571428571508e-01 5.892857142857143016e-01
2.440326765199984926e+00 2.812500000000000000e-01 2.812500000000000000e-01 5.625000000000000000e-01
2.478287000899329851e+00 2.678571428571428492e-01 2.678571428571428492e-01 5.357142857142856984e-01
2.516247236598674775e+00 2.544642857142856984e-01 2.544642857142856984e-01 5.089285714285713969e-01
2.554207472298019255e+00 2.410714285714286031e-01 2.410714285714286031e-01 4.821428571428572063e-01
2.592167707997364179e+00 2.276785714285714246e-01 2.276785714285714246e-01 4.553571428571428492e-01
2.630127943696709103e+00 2.142857142857143016e-01 2.142857142857143016e-01 4.285714285714286031e-01
2.668088179396054027e+00 2.008928571428571508e-01 2.008928571428571508e-01 4.017857142857143016e-01
2.706048415095398951e+00 1.875000000000000000e-01 1.875000000000000000e-01 3.750000000000000000e-01
2.744008650794743875e+00 1.741071428571428492e-01 1.741071428571428492e-01 3.482142857142856984e-01
2.781968886494088800e+00 1.607142857142857262e-01 1.607142857142857262e-01 3.214285714285714524e-01
2.819929122193433724e+00 1.473214285714286031e-01 1.473214285714286031e-01 2.946428571428572063e-01
2.857889357892778648e+00 1.339285714285714524e-01 1.339285714285714524e-01 2.678571428571429047e-01
2.895849593592123572e+00 1.205357142857143016e-01 1.205357142857143016e-01 2.410714285714286031e-01
2.933809829291468496e+00 1.071428571428572063e-01 1.071428571428572063e-01 2.142857142857144126e-01
2.971770064990813420e+00 9.375000000000000000e-02 9.375000000000000000e-02 1.875000000000000000e-01
3.009730300690158344e+00 8.035714285714284921e-02 8.035714285714284921e-02 1.607142857142856984e-01
3.047690536389503269e+00 6.696428571428569843e-02 6.696428571428569843e-02 1.339285714285713969e-01
3.085650772088848193e+00 5.357142857142860315e-02 5.357142857142860315e-02 1.071428571428572063e-01
3.123611007788193117e+00 4.017857142857145236e-02 4.017857142857145236e-02 8.035714285714290472e-02
3.161571243487538041e+00 2.678571428571430157e-02 2.678571428571430157e-02 5.357142857142860315e-02
3.199531479186882521e+00 1.339285714285720630e-02 1.339285714285720630e-02 2.678571428571441260e-02
3.237491714886227445e+00 0.000000000000000000e+00 0.000000000000000000e+00 0.000000000000000000e+00
